1	257	1025	3
2	3	1028	6
3	2	4	1
4	258	3	8
5	6	1033	11
6	5	7	2
7	8	6	13
8	7	9	4
9	261	8	15
10	11	1040	18
11	10	12	5
12	13	11	20
13	12	14	7
14	15	13	22
15	14	16	9
16	266	15	24
17	18	1049	27
18	17	19	10
19	20	18	29
20	19	21	12
21	22	20	31
22	21	23	14
23	24	22	33
24	23	25	16
25	273	24	35
26	27	1060	38
27	26	28	17
28	29	27	40
29	28	30	19
30	31	29	42
31	30	32	21
32	33	31	44
33	32	34	23
34	35	33	46
35	34	36	25
36	282	35	48
37	38	1073	51
38	37	39	26
39	40	38	53
40	39	41	28
41	42	40	55
42	41	43	30
43	44	42	57
44	43	45	32
45	46	44	59
46	45	47	34
47	48	46	61
48	47	49	36
49	293	48	63
50	51	1088	66
51	50	52	37
52	53	51	68
53	52	54	39
54	55	53	70
55	54	56	41
56	57	55	72
57	56	58	43
58	59	57	74
59	58	60	45
60	61	59	76
61	60	62	47
62	63	61	78
63	62	64	49
64	306	63	80
65	66	1105	83
66	65	67	50
67	68	66	85
68	67	69	52
69	70	68	87
70	69	71	54
71	72	70	89
72	71	73	56
73	74	72	91
74	73	75	58
75	76	74	93
76	75	77	60
77	78	76	95
78	77	79	62
79	80	78	97
80	79	81	64
81	321	80	99
82	83	1124	102
83	82	84	65
84	85	83	104
85	84	86	67
86	87	85	106
87	86	88	69
88	89	87	108
89	88	90	71
90	91	89	110
91	90	92	73
92	93	91	112
93	92	94	75
94	95	93	114
95	94	96	77
96	97	95	116
97	96	98	79
98	99	97	118
99	98	100	81
100	338	99	120
101	102	1145	123
102	101	103	82
103	104	102	125
104	103	105	84
105	106	104	127
106	105	107	86
107	108	106	129
108	107	109	88
109	110	108	131
110	109	111	90
111	112	110	133
112	111	113	92
113	114	112	135
114	113	115	94
115	116	114	137
116	115	117	96
117	118	116	139
118	117	119	98
119	120	118	141
120	119	121	100
121	357	120	143
122	123	1168	146
123	122	124	101
124	125	123	148
125	124	126	103
126	127	125	150
127	126	128	105
128	129	127	152
129	128	130	107
130	131	129	154
131	130	132	109
132	133	131	156
133	132	134	111
134	135	133	158
135	134	136	113
136	137	135	160
137	136	138	115
138	139	137	162
139	138	140	117
140	141	139	164
141	140	142	119
142	143	141	166
143	142	144	121
144	378	143	168
145	146	1193	171
146	145	147	122
147	148	146	173
148	147	149	124
149	150	148	175
150	149	151	126
151	152	150	177
152	151	153	128
153	154	152	179
154	153	155	130
155	156	154	181
156	155	157	132
157	158	156	183
158	157	159	134
159	160	158	185
160	159	161	136
161	162	160	187
162	161	163	138
163	164	162	189
164	163	165	140
165	166	164	191
166	165	167	142
167	168	166	193
168	167	169	144
169	401	168	195
170	171	1220	198
171	170	172	145
172	173	171	200
173	172	174	147
174	175	173	202
175	174	176	149
176	177	175	204
177	176	178	151
178	179	177	206
179	178	180	153
180	181	179	208
181	180	182	155
182	183	181	210
183	182	184	157
184	185	183	212
185	184	186	159
186	187	185	214
187	186	188	161
188	189	187	216
189	188	190	163
190	191	189	218
191	190	192	165
192	193	191	220
193	192	194	167
194	195	193	222
195	194	196	169
196	426	195	224
197	198	1249	227
198	197	199	170
199	200	198	229
200	199	201	172
201	202	200	231
202	201	203	174
203	204	202	233
204	203	205	176
205	206	204	235
206	205	207	178
207	208	206	237
208	207	209	180
209	210	208	239
210	209	211	182
211	212	210	241
212	211	213	184
213	214	212	243
214	213	215	186
215	216	214	245
216	215	217	188
217	218	216	247
218	217	219	190
219	220	218	249
220	219	221	192
221	222	220	251
222	221	223	194
223	224	222	253
224	223	225	196
225	453	224	255
226	227	1280	1536
227	226	228	197
228	229	227	1534
229	228	230	199
230	231	229	1532
231	230	232	201
232	233	231	1530
233	232	234	203
234	235	233	1528
235	234	236	205
236	237	235	1526
237	236	238	207
238	239	237	1524
239	238	240	209
240	241	239	1522
241	240	242	211
242	243	241	1520
243	242	244	213
244	245	243	1518
245	244	246	215
246	247	245	1516
247	246	248	217
248	249	247	1514
249	248	250	219
250	251	249	1512
251	250	252	221
252	253	251	1510
253	252	254	223
254	255	253	1508
255	254	256	225
256	482	255	1506
257	513	1	259
258	259	4	262
259	258	260	257
260	514	259	264
261	262	9	267
262	261	263	258
263	264	262	269
264	263	265	260
265	517	264	271
266	267	16	274
267	266	268	261
268	269	267	276
269	268	270	263
270	271	269	278
271	270	272	265
272	522	271	280
273	274	25	283
274	273	275	266
275	276	274	285
276	275	277	268
277	278	276	287
278	277	279	270
279	280	278	289
280	279	281	272
281	529	280	291
282	283	36	294
283	282	284	273
284	285	283	296
285	284	286	275
286	287	285	298
287	286	288	277
288	289	287	300
289	288	290	279
290	291	289	302
291	290	292	281
292	538	291	304
293	294	49	307
294	293	295	282
295	296	294	309
296	295	297	284
297	298	296	311
298	297	299	286
299	300	298	313
300	299	301	288
301	302	300	315
302	301	303	290
303	304	302	317
304	303	305	292
305	549	304	319
306	307	64	322
307	306	308	293
308	309	307	324
309	308	310	295
310	311	309	326
311	310	312	297
312	313	311	328
313	312	314	299
314	315	313	330
315	314	316	301
316	317	315	332
317	316	318	303
318	319	317	334
319	318	320	305
320	562	319	336
321	322	81	339
322	321	323	306
323	324	322	341
324	323	325	308
325	326	324	343
326	325	327	310
327	328	326	345
328	327	329	312
329	330	328	347
330	329	331	314
331	332	330	349
332	331	333	316
333	334	332	351
334	333	335	318
335	336	334	353
336	335	337	320
337	577	336	355
338	339	100	358
339	338	340	321
340	341	339	360
341	340	342	323
342	343	341	362
343	342	344	325
344	345	343	364
345	344	346	327
346	347	345	366
347	346	348	329
348	349	347	368
349	348	350	331
350	351	349	370
351	350	352	333
352	353	351	372
353	352	354	335
354	355	353	374
355	354	356	337
356	594	355	376
357	358	121	379
358	357	359	338
359	360	358	381
360	359	361	340
361	362	360	383
362	361	363	342
363	364	362	385
364	363	365	344
365	366	364	387
366	365	367	346
367	368	366	389
368	367	369	348
369	370	368	391
370	369	371	350
371	372	370	393
372	371	373	352
373	374	372	395
374	373	375	354
375	376	374	397
376	375	377	356
377	613	376	399
378	379	144	402
379	378	380	357
380	381	379	404
381	380	382	359
382	383	381	406
383	382	384	361
384	385	383	408
385	384	386	363
386	387	385	410
387	386	388	365
388	389	387	412
389	388	390	367
390	391	389	414
391	390	392	369
392	393	391	416
393	392	394	371
394	395	393	418
395	394	396	373
396	397	395	420
397	396	398	375
398	399	397	422
399	398	400	377
400	634	399	424
401	402	169	427
402	401	403	378
403	404	402	429
404	403	405	380
405	406	404	431
406	405	407	382
407	408	406	433
408	407	409	384
409	410	408	435
410	409	411	386
411	412	410	437
412	411	413	388
413	414	412	439
414	413	415	390
415	416	414	441
416	415	417	392
417	418	416	443
418	417	419	394
419	420	418	445
420	419	421	396
421	422	420	447
422	421	423	398
423	424	422	449
424	423	425	400
425	657	424	451
426	427	196	454
427	426	428	401
428	429	427	456
429	428	430	403
430	431	429	458
431	430	432	405
432	433	431	460
433	432	434	407
434	435	433	462
435	434	436	409
436	437	435	464
437	436	438	411
438	439	437	466
439	438	440	413
440	441	439	468
441	440	442	415
442	443	441	470
443	442	444	417
444	445	443	472
445	444	446	419
446	447	445	474
447	446	448	421
448	449	447	476
449	448	450	423
450	451	449	478
451	450	452	425
452	682	451	480
453	454	225	483
454	453	455	426
455	456	454	485
456	455	457	428
457	458	456	487
458	457	459	430
459	460	458	489
460	459	461	432
461	462	460	491
462	461	463	434
463	464	462	493
464	463	465	436
465	466	464	495
466	465	467	438
467	468	466	497
468	467	469	440
469	470	468	499
470	469	471	442
471	472	470	501
472	471	473	444
473	474	472	503
474	473	475	446
475	476	474	505
476	475	477	448
477	478	476	507
478	477	479	450
479	480	478	509
480	479	481	452
481	709	480	511
482	483	256	1792
483	482	484	453
484	485	483	1790
485	484	486	455
486	487	485	1788
487	486	488	457
488	489	487	1786
489	488	490	459
490	491	489	1784
491	490	492	461
492	493	491	1782
493	492	494	463
494	495	493	1780
495	494	496	465
496	497	495	1778
497	496	498	467
498	499	497	1776
499	498	500	469
500	501	499	1774
501	500	502	471
502	503	501	1772
503	502	504	473
504	505	503	1770
505	504	506	475
506	507	505	1768
507	506	508	477
508	509	507	1766
509	508	510	479
510	511	509	1764
511	510	512	481
512	738	511	1762
513	769	257	515
514	515	260	518
515	514	516	513
516	770	515	520
517	518	265	523
518	517	519	514
519	520	518	525
520	519	521	516
521	773	520	527
522	523	272	530
523	522	524	517
524	525	523	532
525	524	526	519
526	527	525	534
527	526	528	521
528	778	527	536
529	530	281	539
530	529	531	522
531	532	530	541
532	531	533	524
533	534	532	543
534	533	535	526
535	536	534	545
536	535	537	528
537	785	536	547
538	539	292	550
539	538	540	529
540	541	539	552
541	540	542	531
542	543	541	554
543	542	544	533
544	545	543	556
545	544	546	535
546	547	545	558
547	546	548	537
548	794	547	560
549	550	305	563
550	549	551	538
551	552	550	565
552	551	553	540
553	554	552	567
554	553	555	542
555	556	554	569
556	555	557	544
557	558	556	571
558	557	559	546
559	560	558	573
560	559	561	548
561	805	560	575
562	563	320	578
563	562	564	549
564	565	563	580
565	564	566	551
566	567	565	582
567	566	568	553
568	569	567	584
569	568	570	555
570	571	569	586
571	570	572	557
572	573	571	588
573	572	574	559
574	575	573	590
575	574	576	561
576	818	575	592
577	578	337	595
578	577	579	562
579	580	578	597
580	579	581	564
581	582	580	599
582	581	583	566
583	584	582	601
584	583	585	568
585	586	584	603
586	585	587	570
587	588	586	605
588	587	589	572
589	590	588	607
590	589	591	574
591	592	590	609
592	591	593	576
593	833	592	611
594	595	356	614
595	594	596	577
596	597	595	616
597	596	598	579
598	599	597	618
599	598	600	581
600	601	599	620
601	600	602	583
602	603	601	622
603	602	604	585
604	605	603	624
605	604	606	587
606	607	605	626
607	606	608	589
608	609	607	628
609	608	610	591
610	611	609	630
611	610	612	593
612	850	611	632
613	614	377	635
614	613	615	594
615	616	614	637
616	615	617	596
617	618	616	639
618	617	619	598
619	620	618	641
620	619	621	600
621	622	620	643
622	621	623	602
623	624	622	645
624	623	625	604
625	626	624	647
626	625	627	606
627	628	626	649
628	627	629	608
629	630	628	651
630	629	631	610
631	632	630	653
632	631	633	612
633	869	632	655
634	635	400	658
635	634	636	613
636	637	635	660
637	636	638	615
638	639	637	662
639	638	640	617
640	641	639	664
641	640	642	619
642	643	641	666
643	642	644	621
644	645	643	668
645	644	646	623
646	647	645	670
647	646	648	625
648	649	647	672
649	648	650	627
650	651	649	674
651	650	652	629
652	653	651	676
653	652	654	631
654	655	653	678
655	654	656	633
656	890	655	680
657	658	425	683
658	657	659	634
659	660	658	685
660	659	661	636
661	662	660	687
662	661	663	638
663	664	662	689
664	663	665	640
665	666	664	691
666	665	667	642
667	668	666	693
668	667	669	644
669	670	668	695
670	669	671	646
671	672	670	697
672	671	673	648
673	674	672	699
674	673	675	650
675	676	674	701
676	675	677	652
677	678	676	703
678	677	679	654
679	680	678	705
680	679	681	656
681	913	680	707
682	683	452	710
683	682	684	657
684	685	683	712
685	684	686	659
686	687	685	714
687	686	688	661
688	689	687	716
689	688	690	663
690	691	689	718
691	690	692	665
692	693	691	720
693	692	694	667
694	695	693	722
695	694	696	669
696	697	695	724
697	696	698	671
698	699	697	726
699	698	700	673
700	701	699	728
701	700	702	675
702	703	701	730
703	702	704	677
704	705	703	732
705	704	706	679
706	707	705	734
707	706	708	681
708	938	707	736
709	710	481	739
710	709	711	682
711	712	710	741
712	711	713	684
713	714	712	743
714	713	715	686
715	716	714	745
716	715	717	688
717	718	716	747
718	717	719	690
719	720	718	749
720	719	721	692
721	722	720	751
722	721	723	694
723	724	722	753
724	723	725	696
725	726	724	755
726	725	727	698
727	728	726	757
728	727	729	700
729	730	728	759
730	729	731	702
731	732	730	761
732	731	733	704
733	734	732	763
734	733	735	706
735	736	734	765
736	735	737	708
737	965	736	767
738	739	512	2048
739	738	740	709
740	741	739	2046
741	740	742	711
742	743	741	2044
743	742	744	713
744	745	743	2042
745	744	746	715
746	747	745	2040
747	746	748	717
748	749	747	2038
749	748	750	719
750	751	749	2036
751	750	752	721
752	753	751	2034
753	752	754	723
754	755	753	2032
755	754	756	725
756	757	755	2030
757	756	758	727
758	759	757	2028
759	758	760	729
760	761	759	2026
761	760	762	731
762	763	761	2024
763	762	764	733
764	765	763	2022
765	764	766	735
766	767	765	2020
767	766	768	737
768	994	767	2018
769	1025	513	771
770	771	516	774
771	770	772	769
772	1026	771	776
773	774	521	779
774	773	775	770
775	776	774	781
776	775	777	772
777	1029	776	783
778	779	528	786
779	778	780	773
780	781	779	788
781	780	782	775
782	783	781	790
783	782	784	777
784	1034	783	792
785	786	537	795
786	785	787	778
787	788	786	797
788	787	789	780
789	790	788	799
790	789	791	782
791	792	790	801
792	791	793	784
793	1041	792	803
794	795	548	806
795	794	796	785
796	797	795	808
797	796	798	787
798	799	797	810
799	798	800	789
800	801	799	812
801	800	802	791
802	803	801	814
803	802	804	793
804	1050	803	816
805	806	561	819
806	805	807	794
807	808	806	821
808	807	809	796
809	810	808	823
810	809	811	798
811	812	810	825
812	811	813	800
813	814	812	827
814	813	815	802
815	816	814	829
816	815	817	804
817	1061	816	831
818	819	576	834
819	818	820	805
820	821	819	836
821	820	822	807
822	823	821	838
823	822	824	809
824	825	823	840
825	824	826	811
826	827	825	842
827	826	828	813
828	829	827	844
829	828	830	815
830	831	829	846
831	830	832	817
832	1074	831	848
833	834	593	851
834	833	835	818
835	836	834	853
836	835	837	820
837	838	836	855
838	837	839	822
839	840	838	857
840	839	841	824
841	842	840	859
842	841	843	826
843	844	842	861
844	843	845	828
845	846	844	863
846	845	847	830
847	848	846	865
848	847	849	832
849	1089	848	867
850	851	612	870
851	850	852	833
852	853	851	872
853	852	854	835
854	855	853	874
855	854	856	837
856	857	855	876
857	856	858	839
858	859	857	878
859	858	860	841
860	861	859	880
861	860	862	843
862	863	861	882
863	862	864	845
864	865	863	884
865	864	866	847
866	867	865	886
867	866	868	849
868	1106	867	888
869	870	633	891
870	869	871	850
871	872	870	893
872	871	873	852
873	874	872	895
874	873	875	854
875	876	874	897
876	875	877	856
877	878	876	899
878	877	879	858
879	880	878	901
880	879	881	860
881	882	880	903
882	881	883	862
883	884	882	905
884	883	885	864
885	886	884	907
886	885	887	866
887	888	886	909
888	887	889	868
889	1125	888	911
890	891	656	914
891	890	892	869
892	893	891	916
893	892	894	871
894	895	893	918
895	894	896	873
896	897	895	920
897	896	898	875
898	899	897	922
899	898	900	877
900	901	899	924
901	900	902	879
902	903	901	926
903	902	904	881
904	905	903	928
905	904	906	883
906	907	905	930
907	906	908	885
908	909	907	932
909	908	910	887
910	911	909	934
911	910	912	889
912	1146	911	936
913	914	681	939
914	913	915	890
915	916	914	941
916	915	917	892
917	918	916	943
918	917	919	894
919	920	918	945
920	919	921	896
921	922	920	947
922	921	923	898
923	924	922	949
924	923	925	900
925	926	924	951
926	925	927	902
927	928	926	953
928	927	929	904
929	930	928	955
930	929	931	906
931	932	930	957
932	931	933	908
933	934	932	959
934	933	935	910
935	936	934	961
936	935	937	912
937	1169	936	963
938	939	708	966
939	938	940	913
940	941	939	968
941	940	942	915
942	943	941	970
943	942	944	917
944	945	943	972
945	944	946	919
946	947	945	974
947	946	948	921
948	949	947	976
949	948	950	923
950	951	949	978
951	950	952	925
952	953	951	980
953	952	954	927
954	955	953	982
955	954	956	929
956	957	955	984
957	956	958	931
958	959	957	986
959	958	960	933
960	961	959	988
961	960	962	935
962	963	961	990
963	962	964	937
964	1194	963	992
965	966	737	995
966	965	967	938
967	968	966	997
968	967	969	940
969	970	968	999
970	969	971	942
971	972	970	1001
972	971	973	944
973	974	972	1003
974	973	975	946
975	976	974	1005
976	975	977	948
977	978	976	1007
978	977	979	950
979	980	978	1009
980	979	981	952
981	982	980	1011
982	981	983	954
983	984	982	1013
984	983	985	956
985	986	984	1015
986	985	987	958
987	988	986	1017
988	987	989	960
989	990	988	1019
990	989	991	962
991	992	990	1021
992	991	993	964
993	1221	992	1023
994	995	768	2304
995	994	996	965
996	997	995	2302
997	996	998	967
998	999	997	2300
999	998	1000	969
1000	1001	999	2298
1001	1000	1002	971
1002	1003	1001	2296
1003	1002	1004	973
1004	1005	1003	2294
1005	1004	1006	975
1006	1007	1005	2292
1007	1006	1008	977
1008	1009	1007	2290
1009	1008	1010	979
1010	1011	1009	2288
1011	1010	1012	981
1012	1013	1011	2286
1013	1012	1014	983
1014	1015	1013	2284
1015	1014	1016	985
1016	1017	1015	2282
1017	1016	1018	987
1018	1019	1017	2280
1019	1018	1020	989
1020	1021	1019	2278
1021	1020	1022	991
1022	1023	1021	2276
1023	1022	1024	993
1024	1250	1023	2274
1025	1	769	1027
1026	1027	772	1030
1027	1026	1028	1025
1028	2	1027	1032
1029	1030	777	1035
1030	1029	1031	1026
1031	1032	1030	1037
1032	1031	1033	1028
1033	5	1032	1039
1034	1035	784	1042
1035	1034	1036	1029
1036	1037	1035	1044
1037	1036	1038	1031
1038	1039	1037	1046
1039	1038	1040	1033
1040	10	1039	1048
1041	1042	793	1051
1042	1041	1043	1034
1043	1044	1042	1053
1044	1043	1045	1036
1045	1046	1044	1055
1046	1045	1047	1038
1047	1048	1046	1057
1048	1047	1049	1040
1049	17	1048	1059
1050	1051	804	1062
1051	1050	1052	1041
1052	1053	1051	1064
1053	1052	1054	1043
1054	1055	1053	1066
1055	1054	1056	1045
1056	1057	1055	1068
1057	1056	1058	1047
1058	1059	1057	1070
1059	1058	1060	1049
1060	26	1059	1072
1061	1062	817	1075
1062	1061	1063	1050
1063	1064	1062	1077
1064	1063	1065	1052
1065	1066	1064	1079
1066	1065	1067	1054
1067	1068	1066	1081
1068	1067	1069	1056
1069	1070	1068	1083
1070	1069	1071	1058
1071	1072	1070	1085
1072	1071	1073	1060
1073	37	1072	1087
1074	1075	832	1090
1075	1074	1076	1061
1076	1077	1075	1092
1077	1076	1078	1063
1078	1079	1077	1094
1079	1078	1080	1065
1080	1081	1079	1096
1081	1080	1082	1067
1082	1083	1081	1098
1083	1082	1084	1069
1084	1085	1083	1100
1085	1084	1086	1071
1086	1087	1085	1102
1087	1086	1088	1073
1088	50	1087	1104
1089	1090	849	1107
1090	1089	1091	1074
1091	1092	1090	1109
1092	1091	1093	1076
1093	1094	1092	1111
1094	1093	1095	1078
1095	1096	1094	1113
1096	1095	1097	1080
1097	1098	1096	1115
1098	1097	1099	1082
1099	1100	1098	1117
1100	1099	1101	1084
1101	1102	1100	1119
1102	1101	1103	1086
1103	1104	1102	1121
1104	1103	1105	1088
1105	65	1104	1123
1106	1107	868	1126
1107	1106	1108	1089
1108	1109	1107	1128
1109	1108	1110	1091
1110	1111	1109	1130
1111	1110	1112	1093
1112	1113	1111	1132
1113	1112	1114	1095
1114	1115	1113	1134
1115	1114	1116	1097
1116	1117	1115	1136
1117	1116	1118	1099
1118	1119	1117	1138
1119	1118	1120	1101
1120	1121	1119	1140
1121	1120	1122	1103
1122	1123	1121	1142
1123	1122	1124	1105
1124	82	1123	1144
1125	1126	889	1147
1126	1125	1127	1106
1127	1128	1126	1149
1128	1127	1129	1108
1129	1130	1128	1151
1130	1129	1131	1110
1131	1132	1130	1153
1132	1131	1133	1112
1133	1134	1132	1155
1134	1133	1135	1114
1135	1136	1134	1157
1136	1135	1137	1116
1137	1138	1136	1159
1138	1137	1139	1118
1139	1140	1138	1161
1140	1139	1141	1120
1141	1142	1140	1163
1142	1141	1143	1122
1143	1144	1142	1165
1144	1143	1145	1124
1145	101	1144	1167
1146	1147	912	1170
1147	1146	1148	1125
1148	1149	1147	1172
1149	1148	1150	1127
1150	1151	1149	1174
1151	1150	1152	1129
1152	1153	1151	1176
1153	1152	1154	1131
1154	1155	1153	1178
1155	1154	1156	1133
1156	1157	1155	1180
1157	1156	1158	1135
1158	1159	1157	1182
1159	1158	1160	1137
1160	1161	1159	1184
1161	1160	1162	1139
1162	1163	1161	1186
1163	1162	1164	1141
1164	1165	1163	1188
1165	1164	1166	1143
1166	1167	1165	1190
1167	1166	1168	1145
1168	122	1167	1192
1169	1170	937	1195
1170	1169	1171	1146
1171	1172	1170	1197
1172	1171	1173	1148
1173	1174	1172	1199
1174	1173	1175	1150
1175	1176	1174	1201
1176	1175	1177	1152
1177	1178	1176	1203
1178	1177	1179	1154
1179	1180	1178	1205
1180	1179	1181	1156
1181	1182	1180	1207
1182	1181	1183	1158
1183	1184	1182	1209
1184	1183	1185	1160
1185	1186	1184	1211
1186	1185	1187	1162
1187	1188	1186	1213
1188	1187	1189	1164
1189	1190	1188	1215
1190	1189	1191	1166
1191	1192	1190	1217
1192	1191	1193	1168
1193	145	1192	1219
1194	1195	964	1222
1195	1194	1196	1169
1196	1197	1195	1224
1197	1196	1198	1171
1198	1199	1197	1226
1199	1198	1200	1173
1200	1201	1199	1228
1201	1200	1202	1175
1202	1203	1201	1230
1203	1202	1204	1177
1204	1205	1203	1232
1205	1204	1206	1179
1206	1207	1205	1234
1207	1206	1208	1181
1208	1209	1207	1236
1209	1208	1210	1183
1210	1211	1209	1238
1211	1210	1212	1185
1212	1213	1211	1240
1213	1212	1214	1187
1214	1215	1213	1242
1215	1214	1216	1189
1216	1217	1215	1244
1217	1216	1218	1191
1218	1219	1217	1246
1219	1218	1220	1193
1220	170	1219	1248
1221	1222	993	1251
1222	1221	1223	1194
1223	1224	1222	1253
1224	1223	1225	1196
1225	1226	1224	1255
1226	1225	1227	1198
1227	1228	1226	1257
1228	1227	1229	1200
1229	1230	1228	1259
1230	1229	1231	1202
1231	1232	1230	1261
1232	1231	1233	1204
1233	1234	1232	1263
1234	1233	1235	1206
1235	1236	1234	1265
1236	1235	1237	1208
1237	1238	1236	1267
1238	1237	1239	1210
1239	1240	1238	1269
1240	1239	1241	1212
1241	1242	1240	1271
1242	1241	1243	1214
1243	1244	1242	1273
1244	1243	1245	1216
1245	1246	1244	1275
1246	1245	1247	1218
1247	1248	1246	1277
1248	1247	1249	1220
1249	197	1248	1279
1250	1251	1024	2560
1251	1250	1252	1221
1252	1253	1251	2558
1253	1252	1254	1223
1254	1255	1253	2556
1255	1254	1256	1225
1256	1257	1255	2554
1257	1256	1258	1227
1258	1259	1257	2552
1259	1258	1260	1229
1260	1261	1259	2550
1261	1260	1262	1231
1262	1263	1261	2548
1263	1262	1264	1233
1264	1265	1263	2546
1265	1264	1266	1235
1266	1267	1265	2544
1267	1266	1268	1237
1268	1269	1267	2542
1269	1268	1270	1239
1270	1271	1269	2540
1271	1270	1272	1241
1272	1273	1271	2538
1273	1272	1274	1243
1274	1275	1273	2536
1275	1274	1276	1245
1276	1277	1275	2534
1277	1276	1278	1247
1278	1279	1277	2532
1279	1278	1280	1249
1280	226	1279	2530
1281	3840	2786	1283
1282	1283	2757	1286
1283	1282	1284	1281
1284	3809	1283	1288
1285	1286	2730	1291
1286	1285	1287	1282
1287	1288	1286	1293
1288	1287	1289	1284
1289	3780	1288	1295
1290	1291	2705	1298
1291	1290	1292	1285
1292	1293	1291	1300
1293	1292	1294	1287
1294	1295	1293	1302
1295	1294	1296	1289
1296	3753	1295	1304
1297	1298	2682	1307
1298	1297	1299	1290
1299	1300	1298	1309
1300	1299	1301	1292
1301	1302	1300	1311
1302	1301	1303	1294
1303	1304	1302	1313
1304	1303	1305	1296
1305	3728	1304	1315
1306	1307	2661	1318
1307	1306	1308	1297
1308	1309	1307	1320
1309	1308	1310	1299
1310	1311	1309	1322
1311	1310	1312	1301
1312	1313	1311	1324
1313	1312	1314	1303
1314	1315	1313	1326
1315	1314	1316	1305
1316	3705	1315	1328
1317	1318	2642	1331
1318	1317	1319	1306
1319	1320	1318	1333
1320	1319	1321	1308
1321	1322	1320	1335
1322	1321	1323	1310
1323	1324	1322	1337
1324	1323	1325	1312
1325	1326	1324	1339
1326	1325	1327	1314
1327	1328	1326	1341
1328	1327	1329	1316
1329	3684	1328	1343
1330	1331	2625	1346
1331	1330	1332	1317
1332	1333	1331	1348
1333	1332	1334	1319
1334	1335	1333	1350
1335	1334	1336	1321
1336	1337	1335	1352
1337	1336	1338	1323
1338	1339	1337	1354
1339	1338	1340	1325
1340	1341	1339	1356
1341	1340	1342	1327
1342	1343	1341	1358
1343	1342	1344	1329
1344	3665	1343	1360
1345	1346	2610	1363
1346	1345	1347	1330
1347	1348	1346	1365
1348	1347	1349	1332
1349	1350	1348	1367
1350	1349	1351	1334
1351	1352	1350	1369
1352	1351	1353	1336
1353	1354	1352	1371
1354	1353	1355	1338
1355	1356	1354	1373
1356	1355	1357	1340
1357	1358	1356	1375
1358	1357	1359	1342
1359	1360	1358	1377
1360	1359	1361	1344
1361	3648	1360	1379
1362	1363	2597	1382
1363	1362	1364	1345
1364	1365	1363	1384
1365	1364	1366	1347
1366	1367	1365	1386
1367	1366	1368	1349
1368	1369	1367	1388
1369	1368	1370	1351
1370	1371	1369	1390
1371	1370	1372	1353
1372	1373	1371	1392
1373	1372	1374	1355
1374	1375	1373	1394
1375	1374	1376	1357
1376	1377	1375	1396
1377	1376	1378	1359
1378	1379	1377	1398
1379	1378	1380	1361
1380	3633	1379	1400
1381	1382	2586	1403
1382	1381	1383	1362
1383	1384	1382	1405
1384	1383	1385	1364
1385	1386	1384	1407
1386	1385	1387	1366
1387	1388	1386	1409
1388	1387	1389	1368
1389	1390	1388	1411
1390	1389	1391	1370
1391	1392	1390	1413
1392	1391	1393	1372
1393	1394	1392	1415
1394	1393	1395	1374
1395	1396	1394	1417
1396	1395	1397	1376
1397	1398	1396	1419
1398	1397	1399	1378
1399	1400	1398	1421
1400	1399	1401	1380
1401	3620	1400	1423
1402	1403	2577	1426
1403	1402	1404	1381
1404	1405	1403	1428
1405	1404	1406	1383
1406	1407	1405	1430
1407	1406	1408	1385
1408	1409	1407	1432
1409	1408	1410	1387
1410	1411	1409	1434
1411	1410	1412	1389
1412	1413	1411	1436
1413	1412	1414	1391
1414	1415	1413	1438
1415	1414	1416	1393
1416	1417	1415	1440
1417	1416	1418	1395
1418	1419	1417	1442
1419	1418	1420	1397
1420	1421	1419	1444
1421	1420	1422	1399
1422	1423	1421	1446
1423	1422	1424	1401
1424	3609	1423	1448
1425	1426	2570	1451
1426	1425	1427	1402
1427	1428	1426	1453
1428	1427	1429	1404
1429	1430	1428	1455
1430	1429	1431	1406
1431	1432	1430	1457
1432	1431	1433	1408
1433	1434	1432	1459
1434	1433	1435	1410
1435	1436	1434	1461
1436	1435	1437	1412
1437	1438	1436	1463
1438	1437	1439	1414
1439	1440	1438	1465
1440	1439	1441	1416
1441	1442	1440	1467
1442	1441	1443	1418
1443	1444	1442	1469
1444	1443	1445	1420
1445	1446	1444	1471
1446	1445	1447	1422
1447	1448	1446	1473
1448	1447	1449	1424
1449	3600	1448	1475
1450	1451	2565	1478
1451	1450	1452	1425
1452	1453	1451	1480
1453	1452	1454	1427
1454	1455	1453	1482
1455	1454	1456	1429
1456	1457	1455	1484
1457	1456	1458	1431
1458	1459	1457	1486
1459	1458	1460	1433
1460	1461	1459	1488
1461	1460	1462	1435
1462	1463	1461	1490
1463	1462	1464	1437
1464	1465	1463	1492
1465	1464	1466	1439
1466	1467	1465	1494
1467	1466	1468	1441
1468	1469	1467	1496
1469	1468	1470	1443
1470	1471	1469	1498
1471	1470	1472	1445
1472	1473	1471	1500
1473	1472	1474	1447
1474	1475	1473	1502
1475	1474	1476	1449
1476	3593	1475	1504
1477	1478	2562	1507
1478	1477	1479	1450
1479	1480	1478	1509
1480	1479	1481	1452
1481	1482	1480	1511
1482	1481	1483	1454
1483	1484	1482	1513
1484	1483	1485	1456
1485	1486	1484	1515
1486	1485	1487	1458
1487	1488	1486	1517
1488	1487	1489	1460
1489	1490	1488	1519
1490	1489	1491	1462
1491	1492	1490	1521
1492	1491	1493	1464
1493	1494	1492	1523
1494	1493	1495	1466
1495	1496	1494	1525
1496	1495	1497	1468
1497	1498	1496	1527
1498	1497	1499	1470
1499	1500	1498	1529
1500	1499	1501	1472
1501	1502	1500	1531
1502	1501	1503	1474
1503	1504	1502	1533
1504	1503	1505	1476
1505	3588	1504	1535
1506	1507	2561	256
1507	1506	1508	1477
1508	1509	1507	254
1509	1508	1510	1479
1510	1511	1509	252
1511	1510	1512	1481
1512	1513	1511	250
1513	1512	1514	1483
1514	1515	1513	248
1515	1514	1516	1485
1516	1517	1515	246
1517	1516	1518	1487
1518	1519	1517	244
1519	1518	1520	1489
1520	1521	1519	242
1521	1520	1522	1491
1522	1523	1521	240
1523	1522	1524	1493
1524	1525	1523	238
1525	1524	1526	1495
1526	1527	1525	236
1527	1526	1528	1497
1528	1529	1527	234
1529	1528	1530	1499
1530	1531	1529	232
1531	1530	1532	1501
1532	1533	1531	230
1533	1532	1534	1503
1534	1535	1533	228
1535	1534	1536	1505
1536	3585	1535	226
1537	2816	3042	1539
1538	1539	3013	1542
1539	1538	1540	1537
1540	2785	1539	1544
1541	1542	2986	1547
1542	1541	1543	1538
1543	1544	1542	1549
1544	1543	1545	1540
1545	2756	1544	1551
1546	1547	2961	1554
1547	1546	1548	1541
1548	1549	1547	1556
1549	1548	1550	1543
1550	1551	1549	1558
1551	1550	1552	1545
1552	2729	1551	1560
1553	1554	2938	1563
1554	1553	1555	1546
1555	1556	1554	1565
1556	1555	1557	1548
1557	1558	1556	1567
1558	1557	1559	1550
1559	1560	1558	1569
1560	1559	1561	1552
1561	2704	1560	1571
1562	1563	2917	1574
1563	1562	1564	1553
1564	1565	1563	1576
1565	1564	1566	1555
1566	1567	1565	1578
1567	1566	1568	1557
1568	1569	1567	1580
1569	1568	1570	1559
1570	1571	1569	1582
1571	1570	1572	1561
1572	2681	1571	1584
1573	1574	2898	1587
1574	1573	1575	1562
1575	1576	1574	1589
1576	1575	1577	1564
1577	1578	1576	1591
1578	1577	1579	1566
1579	1580	1578	1593
1580	1579	1581	1568
1581	1582	1580	1595
1582	1581	1583	1570
1583	1584	1582	1597
1584	1583	1585	1572
1585	2660	1584	1599
1586	1587	2881	1602
1587	1586	1588	1573
1588	1589	1587	1604
1589	1588	1590	1575
1590	1591	1589	1606
1591	1590	1592	1577
1592	1593	1591	1608
1593	1592	1594	1579
1594	1595	1593	1610
1595	1594	1596	1581
1596	1597	1595	1612
1597	1596	1598	1583
1598	1599	1597	1614
1599	1598	1600	1585
1600	2641	1599	1616
1601	1602	2866	1619
1602	1601	1603	1586
1603	1604	1602	1621
1604	1603	1605	1588
1605	1606	1604	1623
1606	1605	1607	1590
1607	1608	1606	1625
1608	1607	1609	1592
1609	1610	1608	1627
1610	1609	1611	1594
1611	1612	1610	1629
1612	1611	1613	1596
1613	1614	1612	1631
1614	1613	1615	1598
1615	1616	1614	1633
1616	1615	1617	1600
1617	2624	1616	1635
1618	1619	2853	1638
1619	1618	1620	1601
1620	1621	1619	1640
1621	1620	1622	1603
1622	1623	1621	1642
1623	1622	1624	1605
1624	1625	1623	1644
1625	1624	1626	1607
1626	1627	1625	1646
1627	1626	1628	1609
1628	1629	1627	1648
1629	1628	1630	1611
1630	1631	1629	1650
1631	1630	1632	1613
1632	1633	1631	1652
1633	1632	1634	1615
1634	1635	1633	1654
1635	1634	1636	1617
1636	2609	1635	1656
1637	1638	2842	1659
1638	1637	1639	1618
1639	1640	1638	1661
1640	1639	1641	1620
1641	1642	1640	1663
1642	1641	1643	1622
1643	1644	1642	1665
1644	1643	1645	1624
1645	1646	1644	1667
1646	1645	1647	1626
1647	1648	1646	1669
1648	1647	1649	1628
1649	1650	1648	1671
1650	1649	1651	1630
1651	1652	1650	1673
1652	1651	1653	1632
1653	1654	1652	1675
1654	1653	1655	1634
1655	1656	1654	1677
1656	1655	1657	1636
1657	2596	1656	1679
1658	1659	2833	1682
1659	1658	1660	1637
1660	1661	1659	1684
1661	1660	1662	1639
1662	1663	1661	1686
1663	1662	1664	1641
1664	1665	1663	1688
1665	1664	1666	1643
1666	1667	1665	1690
1667	1666	1668	1645
1668	1669	1667	1692
1669	1668	1670	1647
1670	1671	1669	1694
1671	1670	1672	1649
1672	1673	1671	1696
1673	1672	1674	1651
1674	1675	1673	1698
1675	1674	1676	1653
1676	1677	1675	1700
1677	1676	1678	1655
1678	1679	1677	1702
1679	1678	1680	1657
1680	2585	1679	1704
1681	1682	2826	1707
1682	1681	1683	1658
1683	1684	1682	1709
1684	1683	1685	1660
1685	1686	1684	1711
1686	1685	1687	1662
1687	1688	1686	1713
1688	1687	1689	1664
1689	1690	1688	1715
1690	1689	1691	1666
1691	1692	1690	1717
1692	1691	1693	1668
1693	1694	1692	1719
1694	1693	1695	1670
1695	1696	1694	1721
1696	1695	1697	1672
1697	1698	1696	1723
1698	1697	1699	1674
1699	1700	1698	1725
1700	1699	1701	1676
1701	1702	1700	1727
1702	1701	1703	1678
1703	1704	1702	1729
1704	1703	1705	1680
1705	2576	1704	1731
1706	1707	2821	1734
1707	1706	1708	1681
1708	1709	1707	1736
1709	1708	1710	1683
1710	1711	1709	1738
1711	1710	1712	1685
1712	1713	1711	1740
1713	1712	1714	1687
1714	1715	1713	1742
1715	1714	1716	1689
1716	1717	1715	1744
1717	1716	1718	1691
1718	1719	1717	1746
1719	1718	1720	1693
1720	1721	1719	1748
1721	1720	1722	1695
1722	1723	1721	1750
1723	1722	1724	1697
1724	1725	1723	1752
1725	1724	1726	1699
1726	1727	1725	1754
1727	1726	1728	1701
1728	1729	1727	1756
1729	1728	1730	1703
1730	1731	1729	1758
1731	1730	1732	1705
1732	2569	1731	1760
1733	1734	2818	1763
1734	1733	1735	1706
1735	1736	1734	1765
1736	1735	1737	1708
1737	1738	1736	1767
1738	1737	1739	1710
1739	1740	1738	1769
1740	1739	1741	1712
1741	1742	1740	1771
1742	1741	1743	1714
1743	1744	1742	1773
1744	1743	1745	1716
1745	1746	1744	1775
1746	1745	1747	1718
1747	1748	1746	1777
1748	1747	1749	1720
1749	1750	1748	1779
1750	1749	1751	1722
1751	1752	1750	1781
1752	1751	1753	1724
1753	1754	1752	1783
1754	1753	1755	1726
1755	1756	1754	1785
1756	1755	1757	1728
1757	1758	1756	1787
1758	1757	1759	1730
1759	1760	1758	1789
1760	1759	1761	1732
1761	2564	1760	1791
1762	1763	2817	512
1763	1762	1764	1733
1764	1765	1763	510
1765	1764	1766	1735
1766	1767	1765	508
1767	1766	1768	1737
1768	1769	1767	506
1769	1768	1770	1739
1770	1771	1769	504
1771	1770	1772	1741
1772	1773	1771	502
1773	1772	1774	1743
1774	1775	1773	500
1775	1774	1776	1745
1776	1777	1775	498
1777	1776	1778	1747
1778	1779	1777	496
1779	1778	1780	1749
1780	1781	1779	494
1781	1780	1782	1751
1782	1783	1781	492
1783	1782	1784	1753
1784	1785	1783	490
1785	1784	1786	1755
1786	1787	1785	488
1787	1786	1788	1757
1788	1789	1787	486
1789	1788	1790	1759
1790	1791	1789	484
1791	1790	1792	1761
1792	2561	1791	482
1793	3072	3298	1795
1794	1795	3269	1798
1795	1794	1796	1793
1796	3041	1795	1800
1797	1798	3242	1803
1798	1797	1799	1794
1799	1800	1798	1805
1800	1799	1801	1796
1801	3012	1800	1807
1802	1803	3217	1810
1803	1802	1804	1797
1804	1805	1803	1812
1805	1804	1806	1799
1806	1807	1805	1814
1807	1806	1808	1801
1808	2985	1807	1816
1809	1810	3194	1819
1810	1809	1811	1802
1811	1812	1810	1821
1812	1811	1813	1804
1813	1814	1812	1823
1814	1813	1815	1806
1815	1816	1814	1825
1816	1815	1817	1808
1817	2960	1816	1827
1818	1819	3173	1830
1819	1818	1820	1809
1820	1821	1819	1832
1821	1820	1822	1811
1822	1823	1821	1834
1823	1822	1824	1813
1824	1825	1823	1836
1825	1824	1826	1815
1826	1827	1825	1838
1827	1826	1828	1817
1828	2937	1827	1840
1829	1830	3154	1843
1830	1829	1831	1818
1831	1832	1830	1845
1832	1831	1833	1820
1833	1834	1832	1847
1834	1833	1835	1822
1835	1836	1834	1849
1836	1835	1837	1824
1837	1838	1836	1851
1838	1837	1839	1826
1839	1840	1838	1853
1840	1839	1841	1828
1841	2916	1840	1855
1842	1843	3137	1858
1843	1842	1844	1829
1844	1845	1843	1860
1845	1844	1846	1831
1846	1847	1845	1862
1847	1846	1848	1833
1848	1849	1847	1864
1849	1848	1850	1835
1850	1851	1849	1866
1851	1850	1852	1837
1852	1853	1851	1868
1853	1852	1854	1839
1854	1855	1853	1870
1855	1854	1856	1841
1856	2897	1855	1872
1857	1858	3122	1875
1858	1857	1859	1842
1859	1860	1858	1877
1860	1859	1861	1844
1861	1862	1860	1879
1862	1861	1863	1846
1863	1864	1862	1881
1864	1863	1865	1848
1865	1866	1864	1883
1866	1865	1867	1850
1867	1868	1866	1885
1868	1867	1869	1852
1869	1870	1868	1887
1870	1869	1871	1854
1871	1872	1870	1889
1872	1871	1873	1856
1873	2880	1872	1891
1874	1875	3109	1894
1875	1874	1876	1857
1876	1877	1875	1896
1877	1876	1878	1859
1878	1879	1877	1898
1879	1878	1880	1861
1880	1881	1879	1900
1881	1880	1882	1863
1882	1883	1881	1902
1883	1882	1884	1865
1884	1885	1883	1904
1885	1884	1886	1867
1886	1887	1885	1906
1887	1886	1888	1869
1888	1889	1887	1908
1889	1888	1890	1871
1890	1891	1889	1910
1891	1890	1892	1873
1892	2865	1891	1912
1893	1894	3098	1915
1894	1893	1895	1874
1895	1896	1894	1917
1896	1895	1897	1876
1897	1898	1896	1919
1898	1897	1899	1878
1899	1900	1898	1921
1900	1899	1901	1880
1901	1902	1900	1923
1902	1901	1903	1882
1903	1904	1902	1925
1904	1903	1905	1884
1905	1906	1904	1927
1906	1905	1907	1886
1907	1908	1906	1929
1908	1907	1909	1888
1909	1910	1908	1931
1910	1909	1911	1890
1911	1912	1910	1933
1912	1911	1913	1892
1913	2852	1912	1935
1914	1915	3089	1938
1915	1914	1916	1893
1916	1917	1915	1940
1917	1916	1918	1895
1918	1919	1917	1942
1919	1918	1920	1897
1920	1921	1919	1944
1921	1920	1922	1899
1922	1923	1921	1946
1923	1922	1924	1901
1924	1925	1923	1948
1925	1924	1926	1903
1926	1927	1925	1950
1927	1926	1928	1905
1928	1929	1927	1952
1929	1928	1930	1907
1930	1931	1929	1954
1931	1930	1932	1909
1932	1933	1931	1956
1933	1932	1934	1911
1934	1935	1933	1958
1935	1934	1936	1913
1936	2841	1935	1960
1937	1938	3082	1963
1938	1937	1939	1914
1939	1940	1938	1965
1940	1939	1941	1916
1941	1942	1940	1967
1942	1941	1943	1918
1943	1944	1942	1969
1944	1943	1945	1920
1945	1946	1944	1971
1946	1945	1947	1922
1947	1948	1946	1973
1948	1947	1949	1924
1949	1950	1948	1975
1950	1949	1951	1926
1951	1952	1950	1977
1952	1951	1953	1928
1953	1954	1952	1979
1954	1953	1955	1930
1955	1956	1954	1981
1956	1955	1957	1932
1957	1958	1956	1983
1958	1957	1959	1934
1959	1960	1958	1985
1960	1959	1961	1936
1961	2832	1960	1987
1962	1963	3077	1990
1963	1962	1964	1937
1964	1965	1963	1992
1965	1964	1966	1939
1966	1967	1965	1994
1967	1966	1968	1941
1968	1969	1967	1996
1969	1968	1970	1943
1970	1971	1969	1998
1971	1970	1972	1945
1972	1973	1971	2000
1973	1972	1974	1947
1974	1975	1973	2002
1975	1974	1976	1949
1976	1977	1975	2004
1977	1976	1978	1951
1978	1979	1977	2006
1979	1978	1980	1953
1980	1981	1979	2008
1981	1980	1982	1955
1982	1983	1981	2010
1983	1982	1984	1957
1984	1985	1983	2012
1985	1984	1986	1959
1986	1987	1985	2014
1987	1986	1988	1961
1988	2825	1987	2016
1989	1990	3074	2019
1990	1989	1991	1962
1991	1992	1990	2021
1992	1991	1993	1964
1993	1994	1992	2023
1994	1993	1995	1966
1995	1996	1994	2025
1996	1995	1997	1968
1997	1998	1996	2027
1998	1997	1999	1970
1999	2000	1998	2029
2000	1999	2001	1972
2001	2002	2000	2031
2002	2001	2003	1974
2003	2004	2002	2033
2004	2003	2005	1976
2005	2006	2004	2035
2006	2005	2007	1978
2007	2008	2006	2037
2008	2007	2009	1980
2009	2010	2008	2039
2010	2009	2011	1982
2011	2012	2010	2041
2012	2011	2013	1984
2013	2014	2012	2043
2014	2013	2015	1986
2015	2016	2014	2045
2016	2015	2017	1988
2017	2820	2016	2047
2018	2019	3073	768
2019	2018	2020	1989
2020	2021	2019	766
2021	2020	2022	1991
2022	2023	2021	764
2023	2022	2024	1993
2024	2025	2023	762
2025	2024	2026	1995
2026	2027	2025	760
2027	2026	2028	1997
2028	2029	2027	758
2029	2028	2030	1999
2030	2031	2029	756
2031	2030	2032	2001
2032	2033	2031	754
2033	2032	2034	2003
2034	2035	2033	752
2035	2034	2036	2005
2036	2037	2035	750
2037	2036	2038	2007
2038	2039	2037	748
2039	2038	2040	2009
2040	2041	2039	746
2041	2040	2042	2011
2042	2043	2041	744
2043	2042	2044	2013
2044	2045	2043	742
2045	2044	2046	2015
2046	2047	2045	740
2047	2046	2048	2017
2048	2817	2047	738
2049	3328	3554	2051
2050	2051	3525	2054
2051	2050	2052	2049
2052	3297	2051	2056
2053	2054	3498	2059
2054	2053	2055	2050
2055	2056	2054	2061
2056	2055	2057	2052
2057	3268	2056	2063
2058	2059	3473	2066
2059	2058	2060	2053
2060	2061	2059	2068
2061	2060	2062	2055
2062	2063	2061	2070
2063	2062	2064	2057
2064	3241	2063	2072
2065	2066	3450	2075
2066	2065	2067	2058
2067	2068	2066	2077
2068	2067	2069	2060
2069	2070	2068	2079
2070	2069	2071	2062
2071	2072	2070	2081
2072	2071	2073	2064
2073	3216	2072	2083
2074	2075	3429	2086
2075	2074	2076	2065
2076	2077	2075	2088
2077	2076	2078	2067
2078	2079	2077	2090
2079	2078	2080	2069
2080	2081	2079	2092
2081	2080	2082	2071
2082	2083	2081	2094
2083	2082	2084	2073
2084	3193	2083	2096
2085	2086	3410	2099
2086	2085	2087	2074
2087	2088	2086	2101
2088	2087	2089	2076
2089	2090	2088	2103
2090	2089	2091	2078
2091	2092	2090	2105
2092	2091	2093	2080
2093	2094	2092	2107
2094	2093	2095	2082
2095	2096	2094	2109
2096	2095	2097	2084
2097	3172	2096	2111
2098	2099	3393	2114
2099	2098	2100	2085
2100	2101	2099	2116
2101	2100	2102	2087
2102	2103	2101	2118
2103	2102	2104	2089
2104	2105	2103	2120
2105	2104	2106	2091
2106	2107	2105	2122
2107	2106	2108	2093
2108	2109	2107	2124
2109	2108	2110	2095
2110	2111	2109	2126
2111	2110	2112	2097
2112	3153	2111	2128
2113	2114	3378	2131
2114	2113	2115	2098
2115	2116	2114	2133
2116	2115	2117	2100
2117	2118	2116	2135
2118	2117	2119	2102
2119	2120	2118	2137
2120	2119	2121	2104
2121	2122	2120	2139
2122	2121	2123	2106
2123	2124	2122	2141
2124	2123	2125	2108
2125	2126	2124	2143
2126	2125	2127	2110
2127	2128	2126	2145
2128	2127	2129	2112
2129	3136	2128	2147
2130	2131	3365	2150
2131	2130	2132	2113
2132	2133	2131	2152
2133	2132	2134	2115
2134	2135	2133	2154
2135	2134	2136	2117
2136	2137	2135	2156
2137	2136	2138	2119
2138	2139	2137	2158
2139	2138	2140	2121
2140	2141	2139	2160
2141	2140	2142	2123
2142	2143	2141	2162
2143	2142	2144	2125
2144	2145	2143	2164
2145	2144	2146	2127
2146	2147	2145	2166
2147	2146	2148	2129
2148	3121	2147	2168
2149	2150	3354	2171
2150	2149	2151	2130
2151	2152	2150	2173
2152	2151	2153	2132
2153	2154	2152	2175
2154	2153	2155	2134
2155	2156	2154	2177
2156	2155	2157	2136
2157	2158	2156	2179
2158	2157	2159	2138
2159	2160	2158	2181
2160	2159	2161	2140
2161	2162	2160	2183
2162	2161	2163	2142
2163	2164	2162	2185
2164	2163	2165	2144
2165	2166	2164	2187
2166	2165	2167	2146
2167	2168	2166	2189
2168	2167	2169	2148
2169	3108	2168	2191
2170	2171	3345	2194
2171	2170	2172	2149
2172	2173	2171	2196
2173	2172	2174	2151
2174	2175	2173	2198
2175	2174	2176	2153
2176	2177	2175	2200
2177	2176	2178	2155
2178	2179	2177	2202
2179	2178	2180	2157
2180	2181	2179	2204
2181	2180	2182	2159
2182	2183	2181	2206
2183	2182	2184	2161
2184	2185	2183	2208
2185	2184	2186	2163
2186	2187	2185	2210
2187	2186	2188	2165
2188	2189	2187	2212
2189	2188	2190	2167
2190	2191	2189	2214
2191	2190	2192	2169
2192	3097	2191	2216
2193	2194	3338	2219
2194	2193	2195	2170
2195	2196	2194	2221
2196	2195	2197	2172
2197	2198	2196	2223
2198	2197	2199	2174
2199	2200	2198	2225
2200	2199	2201	2176
2201	2202	2200	2227
2202	2201	2203	2178
2203	2204	2202	2229
2204	2203	2205	2180
2205	2206	2204	2231
2206	2205	2207	2182
2207	2208	2206	2233
2208	2207	2209	2184
2209	2210	2208	2235
2210	2209	2211	2186
2211	2212	2210	2237
2212	2211	2213	2188
2213	2214	2212	2239
2214	2213	2215	2190
2215	2216	2214	2241
2216	2215	2217	2192
2217	3088	2216	2243
2218	2219	3333	2246
2219	2218	2220	2193
2220	2221	2219	2248
2221	2220	2222	2195
2222	2223	2221	2250
2223	2222	2224	2197
2224	2225	2223	2252
2225	2224	2226	2199
2226	2227	2225	2254
2227	2226	2228	2201
2228	2229	2227	2256
2229	2228	2230	2203
2230	2231	2229	2258
2231	2230	2232	2205
2232	2233	2231	2260
2233	2232	2234	2207
2234	2235	2233	2262
2235	2234	2236	2209
2236	2237	2235	2264
2237	2236	2238	2211
2238	2239	2237	2266
2239	2238	2240	2213
2240	2241	2239	2268
2241	2240	2242	2215
2242	2243	2241	2270
2243	2242	2244	2217
2244	3081	2243	2272
2245	2246	3330	2275
2246	2245	2247	2218
2247	2248	2246	2277
2248	2247	2249	2220
2249	2250	2248	2279
2250	2249	2251	2222
2251	2252	2250	2281
2252	2251	2253	2224
2253	2254	2252	2283
2254	2253	2255	2226
2255	2256	2254	2285
2256	2255	2257	2228
2257	2258	2256	2287
2258	2257	2259	2230
2259	2260	2258	2289
2260	2259	2261	2232
2261	2262	2260	2291
2262	2261	2263	2234
2263	2264	2262	2293
2264	2263	2265	2236
2265	2266	2264	2295
2266	2265	2267	2238
2267	2268	2266	2297
2268	2267	2269	2240
2269	2270	2268	2299
2270	2269	2271	2242
2271	2272	2270	2301
2272	2271	2273	2244
2273	3076	2272	2303
2274	2275	3329	1024
2275	2274	2276	2245
2276	2277	2275	1022
2277	2276	2278	2247
2278	2279	2277	1020
2279	2278	2280	2249
2280	2281	2279	1018
2281	2280	2282	2251
2282	2283	2281	1016
2283	2282	2284	2253
2284	2285	2283	1014
2285	2284	2286	2255
2286	2287	2285	1012
2287	2286	2288	2257
2288	2289	2287	1010
2289	2288	2290	2259
2290	2291	2289	1008
2291	2290	2292	2261
2292	2293	2291	1006
2293	2292	2294	2263
2294	2295	2293	1004
2295	2294	2296	2265
2296	2297	2295	1002
2297	2296	2298	2267
2298	2299	2297	1000
2299	2298	2300	2269
2300	2301	2299	998
2301	2300	2302	2271
2302	2303	2301	996
2303	2302	2304	2273
2304	3073	2303	994
2305	3584	3810	2307
2306	2307	3781	2310
2307	2306	2308	2305
2308	3553	2307	2312
2309	2310	3754	2315
2310	2309	2311	2306
2311	2312	2310	2317
2312	2311	2313	2308
2313	3524	2312	2319
2314	2315	3729	2322
2315	2314	2316	2309
2316	2317	2315	2324
2317	2316	2318	2311
2318	2319	2317	2326
2319	2318	2320	2313
2320	3497	2319	2328
2321	2322	3706	2331
2322	2321	2323	2314
2323	2324	2322	2333
2324	2323	2325	2316
2325	2326	2324	2335
2326	2325	2327	2318
2327	2328	2326	2337
2328	2327	2329	2320
2329	3472	2328	2339
2330	2331	3685	2342
2331	2330	2332	2321
2332	2333	2331	2344
2333	2332	2334	2323
2334	2335	2333	2346
2335	2334	2336	2325
2336	2337	2335	2348
2337	2336	2338	2327
2338	2339	2337	2350
2339	2338	2340	2329
2340	3449	2339	2352
2341	2342	3666	2355
2342	2341	2343	2330
2343	2344	2342	2357
2344	2343	2345	2332
2345	2346	2344	2359
2346	2345	2347	2334
2347	2348	2346	2361
2348	2347	2349	2336
2349	2350	2348	2363
2350	2349	2351	2338
2351	2352	2350	2365
2352	2351	2353	2340
2353	3428	2352	2367
2354	2355	3649	2370
2355	2354	2356	2341
2356	2357	2355	2372
2357	2356	2358	2343
2358	2359	2357	2374
2359	2358	2360	2345
2360	2361	2359	2376
2361	2360	2362	2347
2362	2363	2361	2378
2363	2362	2364	2349
2364	2365	2363	2380
2365	2364	2366	2351
2366	2367	2365	2382
2367	2366	2368	2353
2368	3409	2367	2384
2369	2370	3634	2387
2370	2369	2371	2354
2371	2372	2370	2389
2372	2371	2373	2356
2373	2374	2372	2391
2374	2373	2375	2358
2375	2376	2374	2393
2376	2375	2377	2360
2377	2378	2376	2395
2378	2377	2379	2362
2379	2380	2378	2397
2380	2379	2381	2364
2381	2382	2380	2399
2382	2381	2383	2366
2383	2384	2382	2401
2384	2383	2385	2368
2385	3392	2384	2403
2386	2387	3621	2406
2387	2386	2388	2369
2388	2389	2387	2408
2389	2388	2390	2371
2390	2391	2389	2410
2391	2390	2392	2373
2392	2393	2391	2412
2393	2392	2394	2375
2394	2395	2393	2414
2395	2394	2396	2377
2396	2397	2395	2416
2397	2396	2398	2379
2398	2399	2397	2418
2399	2398	2400	2381
2400	2401	2399	2420
2401	2400	2402	2383
2402	2403	2401	2422
2403	2402	2404	2385
2404	3377	2403	2424
2405	2406	3610	2427
2406	2405	2407	2386
2407	2408	2406	2429
2408	2407	2409	2388
2409	2410	2408	2431
2410	2409	2411	2390
2411	2412	2410	2433
2412	2411	2413	2392
2413	2414	2412	2435
2414	2413	2415	2394
2415	2416	2414	2437
2416	2415	2417	2396
2417	2418	2416	2439
2418	2417	2419	2398
2419	2420	2418	2441
2420	2419	2421	2400
2421	2422	2420	2443
2422	2421	2423	2402
2423	2424	2422	2445
2424	2423	2425	2404
2425	3364	2424	2447
2426	2427	3601	2450
2427	2426	2428	2405
2428	2429	2427	2452
2429	2428	2430	2407
2430	2431	2429	2454
2431	2430	2432	2409
2432	2433	2431	2456
2433	2432	2434	2411
2434	2435	2433	2458
2435	2434	2436	2413
2436	2437	2435	2460
2437	2436	2438	2415
2438	2439	2437	2462
2439	2438	2440	2417
2440	2441	2439	2464
2441	2440	2442	2419
2442	2443	2441	2466
2443	2442	2444	2421
2444	2445	2443	2468
2445	2444	2446	2423
2446	2447	2445	2470
2447	2446	2448	2425
2448	3353	2447	2472
2449	2450	3594	2475
2450	2449	2451	2426
2451	2452	2450	2477
2452	2451	2453	2428
2453	2454	2452	2479
2454	2453	2455	2430
2455	2456	2454	2481
2456	2455	2457	2432
2457	2458	2456	2483
2458	2457	2459	2434
2459	2460	2458	2485
2460	2459	2461	2436
2461	2462	2460	2487
2462	2461	2463	2438
2463	2464	2462	2489
2464	2463	2465	2440
2465	2466	2464	2491
2466	2465	2467	2442
2467	2468	2466	2493
2468	2467	2469	2444
2469	2470	2468	2495
2470	2469	2471	2446
2471	2472	2470	2497
2472	2471	2473	2448
2473	3344	2472	2499
2474	2475	3589	2502
2475	2474	2476	2449
2476	2477	2475	2504
2477	2476	2478	2451
2478	2479	2477	2506
2479	2478	2480	2453
2480	2481	2479	2508
2481	2480	2482	2455
2482	2483	2481	2510
2483	2482	2484	2457
2484	2485	2483	2512
2485	2484	2486	2459
2486	2487	2485	2514
2487	2486	2488	2461
2488	2489	2487	2516
2489	2488	2490	2463
2490	2491	2489	2518
2491	2490	2492	2465
2492	2493	2491	2520
2493	2492	2494	2467
2494	2495	2493	2522
2495	2494	2496	2469
2496	2497	2495	2524
2497	2496	2498	2471
2498	2499	2497	2526
2499	2498	2500	2473
2500	3337	2499	2528
2501	2502	3586	2531
2502	2501	2503	2474
2503	2504	2502	2533
2504	2503	2505	2476
2505	2506	2504	2535
2506	2505	2507	2478
2507	2508	2506	2537
2508	2507	2509	2480
2509	2510	2508	2539
2510	2509	2511	2482
2511	2512	2510	2541
2512	2511	2513	2484
2513	2514	2512	2543
2514	2513	2515	2486
2515	2516	2514	2545
2516	2515	2517	2488
2517	2518	2516	2547
2518	2517	2519	2490
2519	2520	2518	2549
2520	2519	2521	2492
2521	2522	2520	2551
2522	2521	2523	2494
2523	2524	2522	2553
2524	2523	2525	2496
2525	2526	2524	2555
2526	2525	2527	2498
2527	2528	2526	2557
2528	2527	2529	2500
2529	3332	2528	2559
2530	2531	3585	1280
2531	2530	2532	2501
2532	2533	2531	1278
2533	2532	2534	2503
2534	2535	2533	1276
2535	2534	2536	2505
2536	2537	2535	1274
2537	2536	2538	2507
2538	2539	2537	1272
2539	2538	2540	2509
2540	2541	2539	1270
2541	2540	2542	2511
2542	2543	2541	1268
2543	2542	2544	2513
2544	2545	2543	1266
2545	2544	2546	2515
2546	2547	2545	1264
2547	2546	2548	2517
2548	2549	2547	1262
2549	2548	2550	2519
2550	2551	2549	1260
2551	2550	2552	2521
2552	2553	2551	1258
2553	2552	2554	2523
2554	2555	2553	1256
2555	2554	2556	2525
2556	2557	2555	1254
2557	2556	2558	2527
2558	2559	2557	1252
2559	2558	2560	2529
2560	3329	2559	1250
2561	1792	1506	2563
2562	2563	1477	2566
2563	2562	2564	2561
2564	1761	2563	2568
2565	2566	1450	2571
2566	2565	2567	2562
2567	2568	2566	2573
2568	2567	2569	2564
2569	1732	2568	2575
2570	2571	1425	2578
2571	2570	2572	2565
2572	2573	2571	2580
2573	2572	2574	2567
2574	2575	2573	2582
2575	2574	2576	2569
2576	1705	2575	2584
2577	2578	1402	2587
2578	2577	2579	2570
2579	2580	2578	2589
2580	2579	2581	2572
2581	2582	2580	2591
2582	2581	2583	2574
2583	2584	2582	2593
2584	2583	2585	2576
2585	1680	2584	2595
2586	2587	1381	2598
2587	2586	2588	2577
2588	2589	2587	2600
2589	2588	2590	2579
2590	2591	2589	2602
2591	2590	2592	2581
2592	2593	2591	2604
2593	2592	2594	2583
2594	2595	2593	2606
2595	2594	2596	2585
2596	1657	2595	2608
2597	2598	1362	2611
2598	2597	2599	2586
2599	2600	2598	2613
2600	2599	2601	2588
2601	2602	2600	2615
2602	2601	2603	2590
2603	2604	2602	2617
2604	2603	2605	2592
2605	2606	2604	2619
2606	2605	2607	2594
2607	2608	2606	2621
2608	2607	2609	2596
2609	1636	2608	2623
2610	2611	1345	2626
2611	2610	2612	2597
2612	2613	2611	2628
2613	2612	2614	2599
2614	2615	2613	2630
2615	2614	2616	2601
2616	2617	2615	2632
2617	2616	2618	2603
2618	2619	2617	2634
2619	2618	2620	2605
2620	2621	2619	2636
2621	2620	2622	2607
2622	2623	2621	2638
2623	2622	2624	2609
2624	1617	2623	2640
2625	2626	1330	2643
2626	2625	2627	2610
2627	2628	2626	2645
2628	2627	2629	2612
2629	2630	2628	2647
2630	2629	2631	2614
2631	2632	2630	2649
2632	2631	2633	2616
2633	2634	2632	2651
2634	2633	2635	2618
2635	2636	2634	2653
2636	2635	2637	2620
2637	2638	2636	2655
2638	2637	2639	2622
2639	2640	2638	2657
2640	2639	2641	2624
2641	1600	2640	2659
2642	2643	1317	2662
2643	2642	2644	2625
2644	2645	2643	2664
2645	2644	2646	2627
2646	2647	2645	2666
2647	2646	2648	2629
2648	2649	2647	2668
2649	2648	2650	2631
2650	2651	2649	2670
2651	2650	2652	2633
2652	2653	2651	2672
2653	2652	2654	2635
2654	2655	2653	2674
2655	2654	2656	2637
2656	2657	2655	2676
2657	2656	2658	2639
2658	2659	2657	2678
2659	2658	2660	2641
2660	1585	2659	2680
2661	2662	1306	2683
2662	2661	2663	2642
2663	2664	2662	2685
2664	2663	2665	2644
2665	2666	2664	2687
2666	2665	2667	2646
2667	2668	2666	2689
2668	2667	2669	2648
2669	2670	2668	2691
2670	2669	2671	2650
2671	2672	2670	2693
2672	2671	2673	2652
2673	2674	2672	2695
2674	2673	2675	2654
2675	2676	2674	2697
2676	2675	2677	2656
2677	2678	2676	2699
2678	2677	2679	2658
2679	2680	2678	2701
2680	2679	2681	2660
2681	1572	2680	2703
2682	2683	1297	2706
2683	2682	2684	2661
2684	2685	2683	2708
2685	2684	2686	2663
2686	2687	2685	2710
2687	2686	2688	2665
2688	2689	2687	2712
2689	2688	2690	2667
2690	2691	2689	2714
2691	2690	2692	2669
2692	2693	2691	2716
2693	2692	2694	2671
2694	2695	2693	2718
2695	2694	2696	2673
2696	2697	2695	2720
2697	2696	2698	2675
2698	2699	2697	2722
2699	2698	2700	2677
2700	2701	2699	2724
2701	2700	2702	2679
2702	2703	2701	2726
2703	2702	2704	2681
2704	1561	2703	2728
2705	2706	1290	2731
2706	2705	2707	2682
2707	2708	2706	2733
2708	2707	2709	2684
2709	2710	2708	2735
2710	2709	2711	2686
2711	2712	2710	2737
2712	2711	2713	2688
2713	2714	2712	2739
2714	2713	2715	2690
2715	2716	2714	2741
2716	2715	2717	2692
2717	2718	2716	2743
2718	2717	2719	2694
2719	2720	2718	2745
2720	2719	2721	2696
2721	2722	2720	2747
2722	2721	2723	2698
2723	2724	2722	2749
2724	2723	2725	2700
2725	2726	2724	2751
2726	2725	2727	2702
2727	2728	2726	2753
2728	2727	2729	2704
2729	1552	2728	2755
2730	2731	1285	2758
2731	2730	2732	2705
2732	2733	2731	2760
2733	2732	2734	2707
2734	2735	2733	2762
2735	2734	2736	2709
2736	2737	2735	2764
2737	2736	2738	2711
2738	2739	2737	2766
2739	2738	2740	2713
2740	2741	2739	2768
2741	2740	2742	2715
2742	2743	2741	2770
2743	2742	2744	2717
2744	2745	2743	2772
2745	2744	2746	2719
2746	2747	2745	2774
2747	2746	2748	2721
2748	2749	2747	2776
2749	2748	2750	2723
2750	2751	2749	2778
2751	2750	2752	2725
2752	2753	2751	2780
2753	2752	2754	2727
2754	2755	2753	2782
2755	2754	2756	2729
2756	1545	2755	2784
2757	2758	1282	2787
2758	2757	2759	2730
2759	2760	2758	2789
2760	2759	2761	2732
2761	2762	2760	2791
2762	2761	2763	2734
2763	2764	2762	2793
2764	2763	2765	2736
2765	2766	2764	2795
2766	2765	2767	2738
2767	2768	2766	2797
2768	2767	2769	2740
2769	2770	2768	2799
2770	2769	2771	2742
2771	2772	2770	2801
2772	2771	2773	2744
2773	2774	2772	2803
2774	2773	2775	2746
2775	2776	2774	2805
2776	2775	2777	2748
2777	2778	2776	2807
2778	2777	2779	2750
2779	2780	2778	2809
2780	2779	2781	2752
2781	2782	2780	2811
2782	2781	2783	2754
2783	2784	2782	2813
2784	2783	2785	2756
2785	1540	2784	2815
2786	2787	1281	4096
2787	2786	2788	2757
2788	2789	2787	4094
2789	2788	2790	2759
2790	2791	2789	4092
2791	2790	2792	2761
2792	2793	2791	4090
2793	2792	2794	2763
2794	2795	2793	4088
2795	2794	2796	2765
2796	2797	2795	4086
2797	2796	2798	2767
2798	2799	2797	4084
2799	2798	2800	2769
2800	2801	2799	4082
2801	2800	2802	2771
2802	2803	2801	4080
2803	2802	2804	2773
2804	2805	2803	4078
2805	2804	2806	2775
2806	2807	2805	4076
2807	2806	2808	2777
2808	2809	2807	4074
2809	2808	2810	2779
2810	2811	2809	4072
2811	2810	2812	2781
2812	2813	2811	4070
2813	2812	2814	2783
2814	2815	2813	4068
2815	2814	2816	2785
2816	1537	2815	4066
2817	2048	1762	2819
2818	2819	1733	2822
2819	2818	2820	2817
2820	2017	2819	2824
2821	2822	1706	2827
2822	2821	2823	2818
2823	2824	2822	2829
2824	2823	2825	2820
2825	1988	2824	2831
2826	2827	1681	2834
2827	2826	2828	2821
2828	2829	2827	2836
2829	2828	2830	2823
2830	2831	2829	2838
2831	2830	2832	2825
2832	1961	2831	2840
2833	2834	1658	2843
2834	2833	2835	2826
2835	2836	2834	2845
2836	2835	2837	2828
2837	2838	2836	2847
2838	2837	2839	2830
2839	2840	2838	2849
2840	2839	2841	2832
2841	1936	2840	2851
2842	2843	1637	2854
2843	2842	2844	2833
2844	2845	2843	2856
2845	2844	2846	2835
2846	2847	2845	2858
2847	2846	2848	2837
2848	2849	2847	2860
2849	2848	2850	2839
2850	2851	2849	2862
2851	2850	2852	2841
2852	1913	2851	2864
2853	2854	1618	2867
2854	2853	2855	2842
2855	2856	2854	2869
2856	2855	2857	2844
2857	2858	2856	2871
2858	2857	2859	2846
2859	2860	2858	2873
2860	2859	2861	2848
2861	2862	2860	2875
2862	2861	2863	2850
2863	2864	2862	2877
2864	2863	2865	2852
2865	1892	2864	2879
2866	2867	1601	2882
2867	2866	2868	2853
2868	2869	2867	2884
2869	2868	2870	2855
2870	2871	2869	2886
2871	2870	2872	2857
2872	2873	2871	2888
2873	2872	2874	2859
2874	2875	2873	2890
2875	2874	2876	2861
2876	2877	2875	2892
2877	2876	2878	2863
2878	2879	2877	2894
2879	2878	2880	2865
2880	1873	2879	2896
2881	2882	1586	2899
2882	2881	2883	2866
2883	2884	2882	2901
2884	2883	2885	2868
2885	2886	2884	2903
2886	2885	2887	2870
2887	2888	2886	2905
2888	2887	2889	2872
2889	2890	2888	2907
2890	2889	2891	2874
2891	2892	2890	2909
2892	2891	2893	2876
2893	2894	2892	2911
2894	2893	2895	2878
2895	2896	2894	2913
2896	2895	2897	2880
2897	1856	2896	2915
2898	2899	1573	2918
2899	2898	2900	2881
2900	2901	2899	2920
2901	2900	2902	2883
2902	2903	2901	2922
2903	2902	2904	2885
2904	2905	2903	2924
2905	2904	2906	2887
2906	2907	2905	2926
2907	2906	2908	2889
2908	2909	2907	2928
2909	2908	2910	2891
2910	2911	2909	2930
2911	2910	2912	2893
2912	2913	2911	2932
2913	2912	2914	2895
2914	2915	2913	2934
2915	2914	2916	2897
2916	1841	2915	2936
2917	2918	1562	2939
2918	2917	2919	2898
2919	2920	2918	2941
2920	2919	2921	2900
2921	2922	2920	2943
2922	2921	2923	2902
2923	2924	2922	2945
2924	2923	2925	2904
2925	2926	2924	2947
2926	2925	2927	2906
2927	2928	2926	2949
2928	2927	2929	2908
2929	2930	2928	2951
2930	2929	2931	2910
2931	2932	2930	2953
2932	2931	2933	2912
2933	2934	2932	2955
2934	2933	2935	2914
2935	2936	2934	2957
2936	2935	2937	2916
2937	1828	2936	2959
2938	2939	1553	2962
2939	2938	2940	2917
2940	2941	2939	2964
2941	2940	2942	2919
2942	2943	2941	2966
2943	2942	2944	2921
2944	2945	2943	2968
2945	2944	2946	2923
2946	2947	2945	2970
2947	2946	2948	2925
2948	2949	2947	2972
2949	2948	2950	2927
2950	2951	2949	2974
2951	2950	2952	2929
2952	2953	2951	2976
2953	2952	2954	2931
2954	2955	2953	2978
2955	2954	2956	2933
2956	2957	2955	2980
2957	2956	2958	2935
2958	2959	2957	2982
2959	2958	2960	2937
2960	1817	2959	2984
2961	2962	1546	2987
2962	2961	2963	2938
2963	2964	2962	2989
2964	2963	2965	2940
2965	2966	2964	2991
2966	2965	2967	2942
2967	2968	2966	2993
2968	2967	2969	2944
2969	2970	2968	2995
2970	2969	2971	2946
2971	2972	2970	2997
2972	2971	2973	2948
2973	2974	2972	2999
2974	2973	2975	2950
2975	2976	2974	3001
2976	2975	2977	2952
2977	2978	2976	3003
2978	2977	2979	2954
2979	2980	2978	3005
2980	2979	2981	2956
2981	2982	2980	3007
2982	2981	2983	2958
2983	2984	2982	3009
2984	2983	2985	2960
2985	1808	2984	3011
2986	2987	1541	3014
2987	2986	2988	2961
2988	2989	2987	3016
2989	2988	2990	2963
2990	2991	2989	3018
2991	2990	2992	2965
2992	2993	2991	3020
2993	2992	2994	2967
2994	2995	2993	3022
2995	2994	2996	2969
2996	2997	2995	3024
2997	2996	2998	2971
2998	2999	2997	3026
2999	2998	3000	2973
3000	3001	2999	3028
3001	3000	3002	2975
3002	3003	3001	3030
3003	3002	3004	2977
3004	3005	3003	3032
3005	3004	3006	2979
3006	3007	3005	3034
3007	3006	3008	2981
3008	3009	3007	3036
3009	3008	3010	2983
3010	3011	3009	3038
3011	3010	3012	2985
3012	1801	3011	3040
3013	3014	1538	3043
3014	3013	3015	2986
3015	3016	3014	3045
3016	3015	3017	2988
3017	3018	3016	3047
3018	3017	3019	2990
3019	3020	3018	3049
3020	3019	3021	2992
3021	3022	3020	3051
3022	3021	3023	2994
3023	3024	3022	3053
3024	3023	3025	2996
3025	3026	3024	3055
3026	3025	3027	2998
3027	3028	3026	3057
3028	3027	3029	3000
3029	3030	3028	3059
3030	3029	3031	3002
3031	3032	3030	3061
3032	3031	3033	3004
3033	3034	3032	3063
3034	3033	3035	3006
3035	3036	3034	3065
3036	3035	3037	3008
3037	3038	3036	3067
3038	3037	3039	3010
3039	3040	3038	3069
3040	3039	3041	3012
3041	1796	3040	3071
3042	3043	1537	4352
3043	3042	3044	3013
3044	3045	3043	4350
3045	3044	3046	3015
3046	3047	3045	4348
3047	3046	3048	3017
3048	3049	3047	4346
3049	3048	3050	3019
3050	3051	3049	4344
3051	3050	3052	3021
3052	3053	3051	4342
3053	3052	3054	3023
3054	3055	3053	4340
3055	3054	3056	3025
3056	3057	3055	4338
3057	3056	3058	3027
3058	3059	3057	4336
3059	3058	3060	3029
3060	3061	3059	4334
3061	3060	3062	3031
3062	3063	3061	4332
3063	3062	3064	3033
3064	3065	3063	4330
3065	3064	3066	3035
3066	3067	3065	4328
3067	3066	3068	3037
3068	3069	3067	4326
3069	3068	3070	3039
3070	3071	3069	4324
3071	3070	3072	3041
3072	1793	3071	4322
3073	2304	2018	3075
3074	3075	1989	3078
3075	3074	3076	3073
3076	2273	3075	3080
3077	3078	1962	3083
3078	3077	3079	3074
3079	3080	3078	3085
3080	3079	3081	3076
3081	2244	3080	3087
3082	3083	1937	3090
3083	3082	3084	3077
3084	3085	3083	3092
3085	3084	3086	3079
3086	3087	3085	3094
3087	3086	3088	3081
3088	2217	3087	3096
3089	3090	1914	3099
3090	3089	3091	3082
3091	3092	3090	3101
3092	3091	3093	3084
3093	3094	3092	3103
3094	3093	3095	3086
3095	3096	3094	3105
3096	3095	3097	3088
3097	2192	3096	3107
3098	3099	1893	3110
3099	3098	3100	3089
3100	3101	3099	3112
3101	3100	3102	3091
3102	3103	3101	3114
3103	3102	3104	3093
3104	3105	3103	3116
3105	3104	3106	3095
3106	3107	3105	3118
3107	3106	3108	3097
3108	2169	3107	3120
3109	3110	1874	3123
3110	3109	3111	3098
3111	3112	3110	3125
3112	3111	3113	3100
3113	3114	3112	3127
3114	3113	3115	3102
3115	3116	3114	3129
3116	3115	3117	3104
3117	3118	3116	3131
3118	3117	3119	3106
3119	3120	3118	3133
3120	3119	3121	3108
3121	2148	3120	3135
3122	3123	1857	3138
3123	3122	3124	3109
3124	3125	3123	3140
3125	3124	3126	3111
3126	3127	3125	3142
3127	3126	3128	3113
3128	3129	3127	3144
3129	3128	3130	3115
3130	3131	3129	3146
3131	3130	3132	3117
3132	3133	3131	3148
3133	3132	3134	3119
3134	3135	3133	3150
3135	3134	3136	3121
3136	2129	3135	3152
3137	3138	1842	3155
3138	3137	3139	3122
3139	3140	3138	3157
3140	3139	3141	3124
3141	3142	3140	3159
3142	3141	3143	3126
3143	3144	3142	3161
3144	3143	3145	3128
3145	3146	3144	3163
3146	3145	3147	3130
3147	3148	3146	3165
3148	3147	3149	3132
3149	3150	3148	3167
3150	3149	3151	3134
3151	3152	3150	3169
3152	3151	3153	3136
3153	2112	3152	3171
3154	3155	1829	3174
3155	3154	3156	3137
3156	3157	3155	3176
3157	3156	3158	3139
3158	3159	3157	3178
3159	3158	3160	3141
3160	3161	3159	3180
3161	3160	3162	3143
3162	3163	3161	3182
3163	3162	3164	3145
3164	3165	3163	3184
3165	3164	3166	3147
3166	3167	3165	3186
3167	3166	3168	3149
3168	3169	3167	3188
3169	3168	3170	3151
3170	3171	3169	3190
3171	3170	3172	3153
3172	2097	3171	3192
3173	3174	1818	3195
3174	3173	3175	3154
3175	3176	3174	3197
3176	3175	3177	3156
3177	3178	3176	3199
3178	3177	3179	3158
3179	3180	3178	3201
3180	3179	3181	3160
3181	3182	3180	3203
3182	3181	3183	3162
3183	3184	3182	3205
3184	3183	3185	3164
3185	3186	3184	3207
3186	3185	3187	3166
3187	3188	3186	3209
3188	3187	3189	3168
3189	3190	3188	3211
3190	3189	3191	3170
3191	3192	3190	3213
3192	3191	3193	3172
3193	2084	3192	3215
3194	3195	1809	3218
3195	3194	3196	3173
3196	3197	3195	3220
3197	3196	3198	3175
3198	3199	3197	3222
3199	3198	3200	3177
3200	3201	3199	3224
3201	3200	3202	3179
3202	3203	3201	3226
3203	3202	3204	3181
3204	3205	3203	3228
3205	3204	3206	3183
3206	3207	3205	3230
3207	3206	3208	3185
3208	3209	3207	3232
3209	3208	3210	3187
3210	3211	3209	3234
3211	3210	3212	3189
3212	3213	3211	3236
3213	3212	3214	3191
3214	3215	3213	3238
3215	3214	3216	3193
3216	2073	3215	3240
3217	3218	1802	3243
3218	3217	3219	3194
3219	3220	3218	3245
3220	3219	3221	3196
3221	3222	3220	3247
3222	3221	3223	3198
3223	3224	3222	3249
3224	3223	3225	3200
3225	3226	3224	3251
3226	3225	3227	3202
3227	3228	3226	3253
3228	3227	3229	3204
3229	3230	3228	3255
3230	3229	3231	3206
3231	3232	3230	3257
3232	3231	3233	3208
3233	3234	3232	3259
3234	3233	3235	3210
3235	3236	3234	3261
3236	3235	3237	3212
3237	3238	3236	3263
3238	3237	3239	3214
3239	3240	3238	3265
3240	3239	3241	3216
3241	2064	3240	3267
3242	3243	1797	3270
3243	3242	3244	3217
3244	3245	3243	3272
3245	3244	3246	3219
3246	3247	3245	3274
3247	3246	3248	3221
3248	3249	3247	3276
3249	3248	3250	3223
3250	3251	3249	3278
3251	3250	3252	3225
3252	3253	3251	3280
3253	3252	3254	3227
3254	3255	3253	3282
3255	3254	3256	3229
3256	3257	3255	3284
3257	3256	3258	3231
3258	3259	3257	3286
3259	3258	3260	3233
3260	3261	3259	3288
3261	3260	3262	3235
3262	3263	3261	3290
3263	3262	3264	3237
3264	3265	3263	3292
3265	3264	3266	3239
3266	3267	3265	3294
3267	3266	3268	3241
3268	2057	3267	3296
3269	3270	1794	3299
3270	3269	3271	3242
3271	3272	3270	3301
3272	3271	3273	3244
3273	3274	3272	3303
3274	3273	3275	3246
3275	3276	3274	3305
3276	3275	3277	3248
3277	3278	3276	3307
3278	3277	3279	3250
3279	3280	3278	3309
3280	3279	3281	3252
3281	3282	3280	3311
3282	3281	3283	3254
3283	3284	3282	3313
3284	3283	3285	3256
3285	3286	3284	3315
3286	3285	3287	3258
3287	3288	3286	3317
3288	3287	3289	3260
3289	3290	3288	3319
3290	3289	3291	3262
3291	3292	3290	3321
3292	3291	3293	3264
3293	3294	3292	3323
3294	3293	3295	3266
3295	3296	3294	3325
3296	3295	3297	3268
3297	2052	3296	3327
3298	3299	1793	4608
3299	3298	3300	3269
3300	3301	3299	4606
3301	3300	3302	3271
3302	3303	3301	4604
3303	3302	3304	3273
3304	3305	3303	4602
3305	3304	3306	3275
3306	3307	3305	4600
3307	3306	3308	3277
3308	3309	3307	4598
3309	3308	3310	3279
3310	3311	3309	4596
3311	3310	3312	3281
3312	3313	3311	4594
3313	3312	3314	3283
3314	3315	3313	4592
3315	3314	3316	3285
3316	3317	3315	4590
3317	3316	3318	3287
3318	3319	3317	4588
3319	3318	3320	3289
3320	3321	3319	4586
3321	3320	3322	3291
3322	3323	3321	4584
3323	3322	3324	3293
3324	3325	3323	4582
3325	3324	3326	3295
3326	3327	3325	4580
3327	3326	3328	3297
3328	2049	3327	4578
3329	2560	2274	3331
3330	3331	2245	3334
3331	3330	3332	3329
3332	2529	3331	3336
3333	3334	2218	3339
3334	3333	3335	3330
3335	3336	3334	3341
3336	3335	3337	3332
3337	2500	3336	3343
3338	3339	2193	3346
3339	3338	3340	3333
3340	3341	3339	3348
3341	3340	3342	3335
3342	3343	3341	3350
3343	3342	3344	3337
3344	2473	3343	3352
3345	3346	2170	3355
3346	3345	3347	3338
3347	3348	3346	3357
3348	3347	3349	3340
3349	3350	3348	3359
3350	3349	3351	3342
3351	3352	3350	3361
3352	3351	3353	3344
3353	2448	3352	3363
3354	3355	2149	3366
3355	3354	3356	3345
3356	3357	3355	3368
3357	3356	3358	3347
3358	3359	3357	3370
3359	3358	3360	3349
3360	3361	3359	3372
3361	3360	3362	3351
3362	3363	3361	3374
3363	3362	3364	3353
3364	2425	3363	3376
3365	3366	2130	3379
3366	3365	3367	3354
3367	3368	3366	3381
3368	3367	3369	3356
3369	3370	3368	3383
3370	3369	3371	3358
3371	3372	3370	3385
3372	3371	3373	3360
3373	3374	3372	3387
3374	3373	3375	3362
3375	3376	3374	3389
3376	3375	3377	3364
3377	2404	3376	3391
3378	3379	2113	3394
3379	3378	3380	3365
3380	3381	3379	3396
3381	3380	3382	3367
3382	3383	3381	3398
3383	3382	3384	3369
3384	3385	3383	3400
3385	3384	3386	3371
3386	3387	3385	3402
3387	3386	3388	3373
3388	3389	3387	3404
3389	3388	3390	3375
3390	3391	3389	3406
3391	3390	3392	3377
3392	2385	3391	3408
3393	3394	2098	3411
3394	3393	3395	3378
3395	3396	3394	3413
3396	3395	3397	3380
3397	3398	3396	3415
3398	3397	3399	3382
3399	3400	3398	3417
3400	3399	3401	3384
3401	3402	3400	3419
3402	3401	3403	3386
3403	3404	3402	3421
3404	3403	3405	3388
3405	3406	3404	3423
3406	3405	3407	3390
3407	3408	3406	3425
3408	3407	3409	3392
3409	2368	3408	3427
3410	3411	2085	3430
3411	3410	3412	3393
3412	3413	3411	3432
3413	3412	3414	3395
3414	3415	3413	3434
3415	3414	3416	3397
3416	3417	3415	3436
3417	3416	3418	3399
3418	3419	3417	3438
3419	3418	3420	3401
3420	3421	3419	3440
3421	3420	3422	3403
3422	3423	3421	3442
3423	3422	3424	3405
3424	3425	3423	3444
3425	3424	3426	3407
3426	3427	3425	3446
3427	3426	3428	3409
3428	2353	3427	3448
3429	3430	2074	3451
3430	3429	3431	3410
3431	3432	3430	3453
3432	3431	3433	3412
3433	3434	3432	3455
3434	3433	3435	3414
3435	3436	3434	3457
3436	3435	3437	3416
3437	3438	3436	3459
3438	3437	3439	3418
3439	3440	3438	3461
3440	3439	3441	3420
3441	3442	3440	3463
3442	3441	3443	3422
3443	3444	3442	3465
3444	3443	3445	3424
3445	3446	3444	3467
3446	3445	3447	3426
3447	3448	3446	3469
3448	3447	3449	3428
3449	2340	3448	3471
3450	3451	2065	3474
3451	3450	3452	3429
3452	3453	3451	3476
3453	3452	3454	3431
3454	3455	3453	3478
3455	3454	3456	3433
3456	3457	3455	3480
3457	3456	3458	3435
3458	3459	3457	3482
3459	3458	3460	3437
3460	3461	3459	3484
3461	3460	3462	3439
3462	3463	3461	3486
3463	3462	3464	3441
3464	3465	3463	3488
3465	3464	3466	3443
3466	3467	3465	3490
3467	3466	3468	3445
3468	3469	3467	3492
3469	3468	3470	3447
3470	3471	3469	3494
3471	3470	3472	3449
3472	2329	3471	3496
3473	3474	2058	3499
3474	3473	3475	3450
3475	3476	3474	3501
3476	3475	3477	3452
3477	3478	3476	3503
3478	3477	3479	3454
3479	3480	3478	3505
3480	3479	3481	3456
3481	3482	3480	3507
3482	3481	3483	3458
3483	3484	3482	3509
3484	3483	3485	3460
3485	3486	3484	3511
3486	3485	3487	3462
3487	3488	3486	3513
3488	3487	3489	3464
3489	3490	3488	3515
3490	3489	3491	3466
3491	3492	3490	3517
3492	3491	3493	3468
3493	3494	3492	3519
3494	3493	3495	3470
3495	3496	3494	3521
3496	3495	3497	3472
3497	2320	3496	3523
3498	3499	2053	3526
3499	3498	3500	3473
3500	3501	3499	3528
3501	3500	3502	3475
3502	3503	3501	3530
3503	3502	3504	3477
3504	3505	3503	3532
3505	3504	3506	3479
3506	3507	3505	3534
3507	3506	3508	3481
3508	3509	3507	3536
3509	3508	3510	3483
3510	3511	3509	3538
3511	3510	3512	3485
3512	3513	3511	3540
3513	3512	3514	3487
3514	3515	3513	3542
3515	3514	3516	3489
3516	3517	3515	3544
3517	3516	3518	3491
3518	3519	3517	3546
3519	3518	3520	3493
3520	3521	3519	3548
3521	3520	3522	3495
3522	3523	3521	3550
3523	3522	3524	3497
3524	2313	3523	3552
3525	3526	2050	3555
3526	3525	3527	3498
3527	3528	3526	3557
3528	3527	3529	3500
3529	3530	3528	3559
3530	3529	3531	3502
3531	3532	3530	3561
3532	3531	3533	3504
3533	3534	3532	3563
3534	3533	3535	3506
3535	3536	3534	3565
3536	3535	3537	3508
3537	3538	3536	3567
3538	3537	3539	3510
3539	3540	3538	3569
3540	3539	3541	3512
3541	3542	3540	3571
3542	3541	3543	3514
3543	3544	3542	3573
3544	3543	3545	3516
3545	3546	3544	3575
3546	3545	3547	3518
3547	3548	3546	3577
3548	3547	3549	3520
3549	3550	3548	3579
3550	3549	3551	3522
3551	3552	3550	3581
3552	3551	3553	3524
3553	2308	3552	3583
3554	3555	2049	4864
3555	3554	3556	3525
3556	3557	3555	4862
3557	3556	3558	3527
3558	3559	3557	4860
3559	3558	3560	3529
3560	3561	3559	4858
3561	3560	3562	3531
3562	3563	3561	4856
3563	3562	3564	3533
3564	3565	3563	4854
3565	3564	3566	3535
3566	3567	3565	4852
3567	3566	3568	3537
3568	3569	3567	4850
3569	3568	3570	3539
3570	3571	3569	4848
3571	3570	3572	3541
3572	3573	3571	4846
3573	3572	3574	3543
3574	3575	3573	4844
3575	3574	3576	3545
3576	3577	3575	4842
3577	3576	3578	3547
3578	3579	3577	4840
3579	3578	3580	3549
3580	3581	3579	4838
3581	3580	3582	3551
3582	3583	3581	4836
3583	3582	3584	3553
3584	2305	3583	4834
3585	1536	2530	3587
3586	3587	2501	3590
3587	3586	3588	3585
3588	1505	3587	3592
3589	3590	2474	3595
3590	3589	3591	3586
3591	3592	3590	3597
3592	3591	3593	3588
3593	1476	3592	3599
3594	3595	2449	3602
3595	3594	3596	3589
3596	3597	3595	3604
3597	3596	3598	3591
3598	3599	3597	3606
3599	3598	3600	3593
3600	1449	3599	3608
3601	3602	2426	3611
3602	3601	3603	3594
3603	3604	3602	3613
3604	3603	3605	3596
3605	3606	3604	3615
3606	3605	3607	3598
3607	3608	3606	3617
3608	3607	3609	3600
3609	1424	3608	3619
3610	3611	2405	3622
3611	3610	3612	3601
3612	3613	3611	3624
3613	3612	3614	3603
3614	3615	3613	3626
3615	3614	3616	3605
3616	3617	3615	3628
3617	3616	3618	3607
3618	3619	3617	3630
3619	3618	3620	3609
3620	1401	3619	3632
3621	3622	2386	3635
3622	3621	3623	3610
3623	3624	3622	3637
3624	3623	3625	3612
3625	3626	3624	3639
3626	3625	3627	3614
3627	3628	3626	3641
3628	3627	3629	3616
3629	3630	3628	3643
3630	3629	3631	3618
3631	3632	3630	3645
3632	3631	3633	3620
3633	1380	3632	3647
3634	3635	2369	3650
3635	3634	3636	3621
3636	3637	3635	3652
3637	3636	3638	3623
3638	3639	3637	3654
3639	3638	3640	3625
3640	3641	3639	3656
3641	3640	3642	3627
3642	3643	3641	3658
3643	3642	3644	3629
3644	3645	3643	3660
3645	3644	3646	3631
3646	3647	3645	3662
3647	3646	3648	3633
3648	1361	3647	3664
3649	3650	2354	3667
3650	3649	3651	3634
3651	3652	3650	3669
3652	3651	3653	3636
3653	3654	3652	3671
3654	3653	3655	3638
3655	3656	3654	3673
3656	3655	3657	3640
3657	3658	3656	3675
3658	3657	3659	3642
3659	3660	3658	3677
3660	3659	3661	3644
3661	3662	3660	3679
3662	3661	3663	3646
3663	3664	3662	3681
3664	3663	3665	3648
3665	1344	3664	3683
3666	3667	2341	3686
3667	3666	3668	3649
3668	3669	3667	3688
3669	3668	3670	3651
3670	3671	3669	3690
3671	3670	3672	3653
3672	3673	3671	3692
3673	3672	3674	3655
3674	3675	3673	3694
3675	3674	3676	3657
3676	3677	3675	3696
3677	3676	3678	3659
3678	3679	3677	3698
3679	3678	3680	3661
3680	3681	3679	3700
3681	3680	3682	3663
3682	3683	3681	3702
3683	3682	3684	3665
3684	1329	3683	3704
3685	3686	2330	3707
3686	3685	3687	3666
3687	3688	3686	3709
3688	3687	3689	3668
3689	3690	3688	3711
3690	3689	3691	3670
3691	3692	3690	3713
3692	3691	3693	3672
3693	3694	3692	3715
3694	3693	3695	3674
3695	3696	3694	3717
3696	3695	3697	3676
3697	3698	3696	3719
3698	3697	3699	3678
3699	3700	3698	3721
3700	3699	3701	3680
3701	3702	3700	3723
3702	3701	3703	3682
3703	3704	3702	3725
3704	3703	3705	3684
3705	1316	3704	3727
3706	3707	2321	3730
3707	3706	3708	3685
3708	3709	3707	3732
3709	3708	3710	3687
3710	3711	3709	3734
3711	3710	3712	3689
3712	3713	3711	3736
3713	3712	3714	3691
3714	3715	3713	3738
3715	3714	3716	3693
3716	3717	3715	3740
3717	3716	3718	3695
3718	3719	3717	3742
3719	3718	3720	3697
3720	3721	3719	3744
3721	3720	3722	3699
3722	3723	3721	3746
3723	3722	3724	3701
3724	3725	3723	3748
3725	3724	3726	3703
3726	3727	3725	3750
3727	3726	3728	3705
3728	1305	3727	3752
3729	3730	2314	3755
3730	3729	3731	3706
3731	3732	3730	3757
3732	3731	3733	3708
3733	3734	3732	3759
3734	3733	3735	3710
3735	3736	3734	3761
3736	3735	3737	3712
3737	3738	3736	3763
3738	3737	3739	3714
3739	3740	3738	3765
3740	3739	3741	3716
3741	3742	3740	3767
3742	3741	3743	3718
3743	3744	3742	3769
3744	3743	3745	3720
3745	3746	3744	3771
3746	3745	3747	3722
3747	3748	3746	3773
3748	3747	3749	3724
3749	3750	3748	3775
3750	3749	3751	3726
3751	3752	3750	3777
3752	3751	3753	3728
3753	1296	3752	3779
3754	3755	2309	3782
3755	3754	3756	3729
3756	3757	3755	3784
3757	3756	3758	3731
3758	3759	3757	3786
3759	3758	3760	3733
3760	3761	3759	3788
3761	3760	3762	3735
3762	3763	3761	3790
3763	3762	3764	3737
3764	3765	3763	3792
3765	3764	3766	3739
3766	3767	3765	3794
3767	3766	3768	3741
3768	3769	3767	3796
3769	3768	3770	3743
3770	3771	3769	3798
3771	3770	3772	3745
3772	3773	3771	3800
3773	3772	3774	3747
3774	3775	3773	3802
3775	3774	3776	3749
3776	3777	3775	3804
3777	3776	3778	3751
3778	3779	3777	3806
3779	3778	3780	3753
3780	1289	3779	3808
3781	3782	2306	3811
3782	3781	3783	3754
3783	3784	3782	3813
3784	3783	3785	3756
3785	3786	3784	3815
3786	3785	3787	3758
3787	3788	3786	3817
3788	3787	3789	3760
3789	3790	3788	3819
3790	3789	3791	3762
3791	3792	3790	3821
3792	3791	3793	3764
3793	3794	3792	3823
3794	3793	3795	3766
3795	3796	3794	3825
3796	3795	3797	3768
3797	3798	3796	3827
3798	3797	3799	3770
3799	3800	3798	3829
3800	3799	3801	3772
3801	3802	3800	3831
3802	3801	3803	3774
3803	3804	3802	3833
3804	3803	3805	3776
3805	3806	3804	3835
3806	3805	3807	3778
3807	3808	3806	3837
3808	3807	3809	3780
3809	1284	3808	3839
3810	3811	2305	5120
3811	3810	3812	3781
3812	3813	3811	5118
3813	3812	3814	3783
3814	3815	3813	5116
3815	3814	3816	3785
3816	3817	3815	5114
3817	3816	3818	3787
3818	3819	3817	5112
3819	3818	3820	3789
3820	3821	3819	5110
3821	3820	3822	3791
3822	3823	3821	5108
3823	3822	3824	3793
3824	3825	3823	5106
3825	3824	3826	3795
3826	3827	3825	5104
3827	3826	3828	3797
3828	3829	3827	5102
3829	3828	3830	3799
3830	3831	3829	5100
3831	3830	3832	3801
3832	3833	3831	5098
3833	3832	3834	3803
3834	3835	3833	5096
3835	3834	3836	3805
3836	3837	3835	5094
3837	3836	3838	3807
3838	3839	3837	5092
3839	3838	3840	3809
3840	1281	3839	5090
3841	4865	4097	3843
3842	3843	4100	3846
3843	3842	3844	3841
3844	4866	3843	3848
3845	3846	4105	3851
3846	3845	3847	3842
3847	3848	3846	3853
3848	3847	3849	3844
3849	4869	3848	3855
3850	3851	4112	3858
3851	3850	3852	3845
3852	3853	3851	3860
3853	3852	3854	3847
3854	3855	3853	3862
3855	3854	3856	3849
3856	4874	3855	3864
3857	3858	4121	3867
3858	3857	3859	3850
3859	3860	3858	3869
3860	3859	3861	3852
3861	3862	3860	3871
3862	3861	3863	3854
3863	3864	3862	3873
3864	3863	3865	3856
3865	4881	3864	3875
3866	3867	4132	3878
3867	3866	3868	3857
3868	3869	3867	3880
3869	3868	3870	3859
3870	3871	3869	3882
3871	3870	3872	3861
3872	3873	3871	3884
3873	3872	3874	3863
3874	3875	3873	3886
3875	3874	3876	3865
3876	4890	3875	3888
3877	3878	4145	3891
3878	3877	3879	3866
3879	3880	3878	3893
3880	3879	3881	3868
3881	3882	3880	3895
3882	3881	3883	3870
3883	3884	3882	3897
3884	3883	3885	3872
3885	3886	3884	3899
3886	3885	3887	3874
3887	3888	3886	3901
3888	3887	3889	3876
3889	4901	3888	3903
3890	3891	4160	3906
3891	3890	3892	3877
3892	3893	3891	3908
3893	3892	3894	3879
3894	3895	3893	3910
3895	3894	3896	3881
3896	3897	3895	3912
3897	3896	3898	3883
3898	3899	3897	3914
3899	3898	3900	3885
3900	3901	3899	3916
3901	3900	3902	3887
3902	3903	3901	3918
3903	3902	3904	3889
3904	4914	3903	3920
3905	3906	4177	3923
3906	3905	3907	3890
3907	3908	3906	3925
3908	3907	3909	3892
3909	3910	3908	3927
3910	3909	3911	3894
3911	3912	3910	3929
3912	3911	3913	3896
3913	3914	3912	3931
3914	3913	3915	3898
3915	3916	3914	3933
3916	3915	3917	3900
3917	3918	3916	3935
3918	3917	3919	3902
3919	3920	3918	3937
3920	3919	3921	3904
3921	4929	3920	3939
3922	3923	4196	3942
3923	3922	3924	3905
3924	3925	3923	3944
3925	3924	3926	3907
3926	3927	3925	3946
3927	3926	3928	3909
3928	3929	3927	3948
3929	3928	3930	3911
3930	3931	3929	3950
3931	3930	3932	3913
3932	3933	3931	3952
3933	3932	3934	3915
3934	3935	3933	3954
3935	3934	3936	3917
3936	3937	3935	3956
3937	3936	3938	3919
3938	3939	3937	3958
3939	3938	3940	3921
3940	4946	3939	3960
3941	3942	4217	3963
3942	3941	3943	3922
3943	3944	3942	3965
3944	3943	3945	3924
3945	3946	3944	3967
3946	3945	3947	3926
3947	3948	3946	3969
3948	3947	3949	3928
3949	3950	3948	3971
3950	3949	3951	3930
3951	3952	3950	3973
3952	3951	3953	3932
3953	3954	3952	3975
3954	3953	3955	3934
3955	3956	3954	3977
3956	3955	3957	3936
3957	3958	3956	3979
3958	3957	3959	3938
3959	3960	3958	3981
3960	3959	3961	3940
3961	4965	3960	3983
3962	3963	4240	3986
3963	3962	3964	3941
3964	3965	3963	3988
3965	3964	3966	3943
3966	3967	3965	3990
3967	3966	3968	3945
3968	3969	3967	3992
3969	3968	3970	3947
3970	3971	3969	3994
3971	3970	3972	3949
3972	3973	3971	3996
3973	3972	3974	3951
3974	3975	3973	3998
3975	3974	3976	3953
3976	3977	3975	4000
3977	3976	3978	3955
3978	3979	3977	4002
3979	3978	3980	3957
3980	3981	3979	4004
3981	3980	3982	3959
3982	3983	3981	4006
3983	3982	3984	3961
3984	4986	3983	4008
3985	3986	4265	4011
3986	3985	3987	3962
3987	3988	3986	4013
3988	3987	3989	3964
3989	3990	3988	4015
3990	3989	3991	3966
3991	3992	3990	4017
3992	3991	3993	3968
3993	3994	3992	4019
3994	3993	3995	3970
3995	3996	3994	4021
3996	3995	3997	3972
3997	3998	3996	4023
3998	3997	3999	3974
3999	4000	3998	4025
4000	3999	4001	3976
4001	4002	4000	4027
4002	4001	4003	3978
4003	4004	4002	4029
4004	4003	4005	3980
4005	4006	4004	4031
4006	4005	4007	3982
4007	4008	4006	4033
4008	4007	4009	3984
4009	5009	4008	4035
4010	4011	4292	4038
4011	4010	4012	3985
4012	4013	4011	4040
4013	4012	4014	3987
4014	4015	4013	4042
4015	4014	4016	3989
4016	4017	4015	4044
4017	4016	4018	3991
4018	4019	4017	4046
4019	4018	4020	3993
4020	4021	4019	4048
4021	4020	4022	3995
4022	4023	4021	4050
4023	4022	4024	3997
4024	4025	4023	4052
4025	4024	4026	3999
4026	4027	4025	4054
4027	4026	4028	4001
4028	4029	4027	4056
4029	4028	4030	4003
4030	4031	4029	4058
4031	4030	4032	4005
4032	4033	4031	4060
4033	4032	4034	4007
4034	4035	4033	4062
4035	4034	4036	4009
4036	5034	4035	4064
4037	4038	4321	4067
4038	4037	4039	4010
4039	4040	4038	4069
4040	4039	4041	4012
4041	4042	4040	4071
4042	4041	4043	4014
4043	4044	4042	4073
4044	4043	4045	4016
4045	4046	4044	4075
4046	4045	4047	4018
4047	4048	4046	4077
4048	4047	4049	4020
4049	4050	4048	4079
4050	4049	4051	4022
4051	4052	4050	4081
4052	4051	4053	4024
4053	4054	4052	4083
4054	4053	4055	4026
4055	4056	4054	4085
4056	4055	4057	4028
4057	4058	4056	4087
4058	4057	4059	4030
4059	4060	4058	4089
4060	4059	4061	4032
4061	4062	4060	4091
4062	4061	4063	4034
4063	4064	4062	4093
4064	4063	4065	4036
4065	5061	4064	4095
4066	4067	4352	2816
4067	4066	4068	4037
4068	4069	4067	2814
4069	4068	4070	4039
4070	4071	4069	2812
4071	4070	4072	4041
4072	4073	4071	2810
4073	4072	4074	4043
4074	4075	4073	2808
4075	4074	4076	4045
4076	4077	4075	2806
4077	4076	4078	4047
4078	4079	4077	2804
4079	4078	4080	4049
4080	4081	4079	2802
4081	4080	4082	4051
4082	4083	4081	2800
4083	4082	4084	4053
4084	4085	4083	2798
4085	4084	4086	4055
4086	4087	4085	2796
4087	4086	4088	4057
4088	4089	4087	2794
4089	4088	4090	4059
4090	4091	4089	2792
4091	4090	4092	4061
4092	4093	4091	2790
4093	4092	4094	4063
4094	4095	4093	2788
4095	4094	4096	4065
4096	5090	4095	2786
4097	3841	4353	4099
4098	4099	4356	4102
4099	4098	4100	4097
4100	3842	4099	4104
4101	4102	4361	4107
4102	4101	4103	4098
4103	4104	4102	4109
4104	4103	4105	4100
4105	3845	4104	4111
4106	4107	4368	4114
4107	4106	4108	4101
4108	4109	4107	4116
4109	4108	4110	4103
4110	4111	4109	4118
4111	4110	4112	4105
4112	3850	4111	4120
4113	4114	4377	4123
4114	4113	4115	4106
4115	4116	4114	4125
4116	4115	4117	4108
4117	4118	4116	4127
4118	4117	4119	4110
4119	4120	4118	4129
4120	4119	4121	4112
4121	3857	4120	4131
4122	4123	4388	4134
4123	4122	4124	4113
4124	4125	4123	4136
4125	4124	4126	4115
4126	4127	4125	4138
4127	4126	4128	4117
4128	4129	4127	4140
4129	4128	4130	4119
4130	4131	4129	4142
4131	4130	4132	4121
4132	3866	4131	4144
4133	4134	4401	4147
4134	4133	4135	4122
4135	4136	4134	4149
4136	4135	4137	4124
4137	4138	4136	4151
4138	4137	4139	4126
4139	4140	4138	4153
4140	4139	4141	4128
4141	4142	4140	4155
4142	4141	4143	4130
4143	4144	4142	4157
4144	4143	4145	4132
4145	3877	4144	4159
4146	4147	4416	4162
4147	4146	4148	4133
4148	4149	4147	4164
4149	4148	4150	4135
4150	4151	4149	4166
4151	4150	4152	4137
4152	4153	4151	4168
4153	4152	4154	4139
4154	4155	4153	4170
4155	4154	4156	4141
4156	4157	4155	4172
4157	4156	4158	4143
4158	4159	4157	4174
4159	4158	4160	4145
4160	3890	4159	4176
4161	4162	4433	4179
4162	4161	4163	4146
4163	4164	4162	4181
4164	4163	4165	4148
4165	4166	4164	4183
4166	4165	4167	4150
4167	4168	4166	4185
4168	4167	4169	4152
4169	4170	4168	4187
4170	4169	4171	4154
4171	4172	4170	4189
4172	4171	4173	4156
4173	4174	4172	4191
4174	4173	4175	4158
4175	4176	4174	4193
4176	4175	4177	4160
4177	3905	4176	4195
4178	4179	4452	4198
4179	4178	4180	4161
4180	4181	4179	4200
4181	4180	4182	4163
4182	4183	4181	4202
4183	4182	4184	4165
4184	4185	4183	4204
4185	4184	4186	4167
4186	4187	4185	4206
4187	4186	4188	4169
4188	4189	4187	4208
4189	4188	4190	4171
4190	4191	4189	4210
4191	4190	4192	4173
4192	4193	4191	4212
4193	4192	4194	4175
4194	4195	4193	4214
4195	4194	4196	4177
4196	3922	4195	4216
4197	4198	4473	4219
4198	4197	4199	4178
4199	4200	4198	4221
4200	4199	4201	4180
4201	4202	4200	4223
4202	4201	4203	4182
4203	4204	4202	4225
4204	4203	4205	4184
4205	4206	4204	4227
4206	4205	4207	4186
4207	4208	4206	4229
4208	4207	4209	4188
4209	4210	4208	4231
4210	4209	4211	4190
4211	4212	4210	4233
4212	4211	4213	4192
4213	4214	4212	4235
4214	4213	4215	4194
4215	4216	4214	4237
4216	4215	4217	4196
4217	3941	4216	4239
4218	4219	4496	4242
4219	4218	4220	4197
4220	4221	4219	4244
4221	4220	4222	4199
4222	4223	4221	4246
4223	4222	4224	4201
4224	4225	4223	4248
4225	4224	4226	4203
4226	4227	4225	4250
4227	4226	4228	4205
4228	4229	4227	4252
4229	4228	4230	4207
4230	4231	4229	4254
4231	4230	4232	4209
4232	4233	4231	4256
4233	4232	4234	4211
4234	4235	4233	4258
4235	4234	4236	4213
4236	4237	4235	4260
4237	4236	4238	4215
4238	4239	4237	4262
4239	4238	4240	4217
4240	3962	4239	4264
4241	4242	4521	4267
4242	4241	4243	4218
4243	4244	4242	4269
4244	4243	4245	4220
4245	4246	4244	4271
4246	4245	4247	4222
4247	4248	4246	4273
4248	4247	4249	4224
4249	4250	4248	4275
4250	4249	4251	4226
4251	4252	4250	4277
4252	4251	4253	4228
4253	4254	4252	4279
4254	4253	4255	4230
4255	4256	4254	4281
4256	4255	4257	4232
4257	4258	4256	4283
4258	4257	4259	4234
4259	4260	4258	4285
4260	4259	4261	4236
4261	4262	4260	4287
4262	4261	4263	4238
4263	4264	4262	4289
4264	4263	4265	4240
4265	3985	4264	4291
4266	4267	4548	4294
4267	4266	4268	4241
4268	4269	4267	4296
4269	4268	4270	4243
4270	4271	4269	4298
4271	4270	4272	4245
4272	4273	4271	4300
4273	4272	4274	4247
4274	4275	4273	4302
4275	4274	4276	4249
4276	4277	4275	4304
4277	4276	4278	4251
4278	4279	4277	4306
4279	4278	4280	4253
4280	4281	4279	4308
4281	4280	4282	4255
4282	4283	4281	4310
4283	4282	4284	4257
4284	4285	4283	4312
4285	4284	4286	4259
4286	4287	4285	4314
4287	4286	4288	4261
4288	4289	4287	4316
4289	4288	4290	4263
4290	4291	4289	4318
4291	4290	4292	4265
4292	4010	4291	4320
4293	4294	4577	4323
4294	4293	4295	4266
4295	4296	4294	4325
4296	4295	4297	4268
4297	4298	4296	4327
4298	4297	4299	4270
4299	4300	4298	4329
4300	4299	4301	4272
4301	4302	4300	4331
4302	4301	4303	4274
4303	4304	4302	4333
4304	4303	4305	4276
4305	4306	4304	4335
4306	4305	4307	4278
4307	4308	4306	4337
4308	4307	4309	4280
4309	4310	4308	4339
4310	4309	4311	4282
4311	4312	4310	4341
4312	4311	4313	4284
4313	4314	4312	4343
4314	4313	4315	4286
4315	4316	4314	4345
4316	4315	4317	4288
4317	4318	4316	4347
4318	4317	4319	4290
4319	4320	4318	4349
4320	4319	4321	4292
4321	4037	4320	4351
4322	4323	4608	3072
4323	4322	4324	4293
4324	4325	4323	3070
4325	4324	4326	4295
4326	4327	4325	3068
4327	4326	4328	4297
4328	4329	4327	3066
4329	4328	4330	4299
4330	4331	4329	3064
4331	4330	4332	4301
4332	4333	4331	3062
4333	4332	4334	4303
4334	4335	4333	3060
4335	4334	4336	4305
4336	4337	4335	3058
4337	4336	4338	4307
4338	4339	4337	3056
4339	4338	4340	4309
4340	4341	4339	3054
4341	4340	4342	4311
4342	4343	4341	3052
4343	4342	4344	4313
4344	4345	4343	3050
4345	4344	4346	4315
4346	4347	4345	3048
4347	4346	4348	4317
4348	4349	4347	3046
4349	4348	4350	4319
4350	4351	4349	3044
4351	4350	4352	4321
4352	4066	4351	3042
4353	4097	4609	4355
4354	4355	4612	4358
4355	4354	4356	4353
4356	4098	4355	4360
4357	4358	4617	4363
4358	4357	4359	4354
4359	4360	4358	4365
4360	4359	4361	4356
4361	4101	4360	4367
4362	4363	4624	4370
4363	4362	4364	4357
4364	4365	4363	4372
4365	4364	4366	4359
4366	4367	4365	4374
4367	4366	4368	4361
4368	4106	4367	4376
4369	4370	4633	4379
4370	4369	4371	4362
4371	4372	4370	4381
4372	4371	4373	4364
4373	4374	4372	4383
4374	4373	4375	4366
4375	4376	4374	4385
4376	4375	4377	4368
4377	4113	4376	4387
4378	4379	4644	4390
4379	4378	4380	4369
4380	4381	4379	4392
4381	4380	4382	4371
4382	4383	4381	4394
4383	4382	4384	4373
4384	4385	4383	4396
4385	4384	4386	4375
4386	4387	4385	4398
4387	4386	4388	4377
4388	4122	4387	4400
4389	4390	4657	4403
4390	4389	4391	4378
4391	4392	4390	4405
4392	4391	4393	4380
4393	4394	4392	4407
4394	4393	4395	4382
4395	4396	4394	4409
4396	4395	4397	4384
4397	4398	4396	4411
4398	4397	4399	4386
4399	4400	4398	4413
4400	4399	4401	4388
4401	4133	4400	4415
4402	4403	4672	4418
4403	4402	4404	4389
4404	4405	4403	4420
4405	4404	4406	4391
4406	4407	4405	4422
4407	4406	4408	4393
4408	4409	4407	4424
4409	4408	4410	4395
4410	4411	4409	4426
4411	4410	4412	4397
4412	4413	4411	4428
4413	4412	4414	4399
4414	4415	4413	4430
4415	4414	4416	4401
4416	4146	4415	4432
4417	4418	4689	4435
4418	4417	4419	4402
4419	4420	4418	4437
4420	4419	4421	4404
4421	4422	4420	4439
4422	4421	4423	4406
4423	4424	4422	4441
4424	4423	4425	4408
4425	4426	4424	4443
4426	4425	4427	4410
4427	4428	4426	4445
4428	4427	4429	4412
4429	4430	4428	4447
4430	4429	4431	4414
4431	4432	4430	4449
4432	4431	4433	4416
4433	4161	4432	4451
4434	4435	4708	4454
4435	4434	4436	4417
4436	4437	4435	4456
4437	4436	4438	4419
4438	4439	4437	4458
4439	4438	4440	4421
4440	4441	4439	4460
4441	4440	4442	4423
4442	4443	4441	4462
4443	4442	4444	4425
4444	4445	4443	4464
4445	4444	4446	4427
4446	4447	4445	4466
4447	4446	4448	4429
4448	4449	4447	4468
4449	4448	4450	4431
4450	4451	4449	4470
4451	4450	4452	4433
4452	4178	4451	4472
4453	4454	4729	4475
4454	4453	4455	4434
4455	4456	4454	4477
4456	4455	4457	4436
4457	4458	4456	4479
4458	4457	4459	4438
4459	4460	4458	4481
4460	4459	4461	4440
4461	4462	4460	4483
4462	4461	4463	4442
4463	4464	4462	4485
4464	4463	4465	4444
4465	4466	4464	4487
4466	4465	4467	4446
4467	4468	4466	4489
4468	4467	4469	4448
4469	4470	4468	4491
4470	4469	4471	4450
4471	4472	4470	4493
4472	4471	4473	4452
4473	4197	4472	4495
4474	4475	4752	4498
4475	4474	4476	4453
4476	4477	4475	4500
4477	4476	4478	4455
4478	4479	4477	4502
4479	4478	4480	4457
4480	4481	4479	4504
4481	4480	4482	4459
4482	4483	4481	4506
4483	4482	4484	4461
4484	4485	4483	4508
4485	4484	4486	4463
4486	4487	4485	4510
4487	4486	4488	4465
4488	4489	4487	4512
4489	4488	4490	4467
4490	4491	4489	4514
4491	4490	4492	4469
4492	4493	4491	4516
4493	4492	4494	4471
4494	4495	4493	4518
4495	4494	4496	4473
4496	4218	4495	4520
4497	4498	4777	4523
4498	4497	4499	4474
4499	4500	4498	4525
4500	4499	4501	4476
4501	4502	4500	4527
4502	4501	4503	4478
4503	4504	4502	4529
4504	4503	4505	4480
4505	4506	4504	4531
4506	4505	4507	4482
4507	4508	4506	4533
4508	4507	4509	4484
4509	4510	4508	4535
4510	4509	4511	4486
4511	4512	4510	4537
4512	4511	4513	4488
4513	4514	4512	4539
4514	4513	4515	4490
4515	4516	4514	4541
4516	4515	4517	4492
4517	4518	4516	4543
4518	4517	4519	4494
4519	4520	4518	4545
4520	4519	4521	4496
4521	4241	4520	4547
4522	4523	4804	4550
4523	4522	4524	4497
4524	4525	4523	4552
4525	4524	4526	4499
4526	4527	4525	4554
4527	4526	4528	4501
4528	4529	4527	4556
4529	4528	4530	4503
4530	4531	4529	4558
4531	4530	4532	4505
4532	4533	4531	4560
4533	4532	4534	4507
4534	4535	4533	4562
4535	4534	4536	4509
4536	4537	4535	4564
4537	4536	4538	4511
4538	4539	4537	4566
4539	4538	4540	4513
4540	4541	4539	4568
4541	4540	4542	4515
4542	4543	4541	4570
4543	4542	4544	4517
4544	4545	4543	4572
4545	4544	4546	4519
4546	4547	4545	4574
4547	4546	4548	4521
4548	4266	4547	4576
4549	4550	4833	4579
4550	4549	4551	4522
4551	4552	4550	4581
4552	4551	4553	4524
4553	4554	4552	4583
4554	4553	4555	4526
4555	4556	4554	4585
4556	4555	4557	4528
4557	4558	4556	4587
4558	4557	4559	4530
4559	4560	4558	4589
4560	4559	4561	4532
4561	4562	4560	4591
4562	4561	4563	4534
4563	4564	4562	4593
4564	4563	4565	4536
4565	4566	4564	4595
4566	4565	4567	4538
4567	4568	4566	4597
4568	4567	4569	4540
4569	4570	4568	4599
4570	4569	4571	4542
4571	4572	4570	4601
4572	4571	4573	4544
4573	4574	4572	4603
4574	4573	4575	4546
4575	4576	4574	4605
4576	4575	4577	4548
4577	4293	4576	4607
4578	4579	4864	3328
4579	4578	4580	4549
4580	4581	4579	3326
4581	4580	4582	4551
4582	4583	4581	3324
4583	4582	4584	4553
4584	4585	4583	3322
4585	4584	4586	4555
4586	4587	4585	3320
4587	4586	4588	4557
4588	4589	4587	3318
4589	4588	4590	4559
4590	4591	4589	3316
4591	4590	4592	4561
4592	4593	4591	3314
4593	4592	4594	4563
4594	4595	4593	3312
4595	4594	4596	4565
4596	4597	4595	3310
4597	4596	4598	4567
4598	4599	4597	3308
4599	4598	4600	4569
4600	4601	4599	3306
4601	4600	4602	4571
4602	4603	4601	3304
4603	4602	4604	4573
4604	4605	4603	3302
4605	4604	4606	4575
4606	4607	4605	3300
4607	4606	4608	4577
4608	4322	4607	3298
4609	4353	4865	4611
4610	4611	4868	4614
4611	4610	4612	4609
4612	4354	4611	4616
4613	4614	4873	4619
4614	4613	4615	4610
4615	4616	4614	4621
4616	4615	4617	4612
4617	4357	4616	4623
4618	4619	4880	4626
4619	4618	4620	4613
4620	4621	4619	4628
4621	4620	4622	4615
4622	4623	4621	4630
4623	4622	4624	4617
4624	4362	4623	4632
4625	4626	4889	4635
4626	4625	4627	4618
4627	4628	4626	4637
4628	4627	4629	4620
4629	4630	4628	4639
4630	4629	4631	4622
4631	4632	4630	4641
4632	4631	4633	4624
4633	4369	4632	4643
4634	4635	4900	4646
4635	4634	4636	4625
4636	4637	4635	4648
4637	4636	4638	4627
4638	4639	4637	4650
4639	4638	4640	4629
4640	4641	4639	4652
4641	4640	4642	4631
4642	4643	4641	4654
4643	4642	4644	4633
4644	4378	4643	4656
4645	4646	4913	4659
4646	4645	4647	4634
4647	4648	4646	4661
4648	4647	4649	4636
4649	4650	4648	4663
4650	4649	4651	4638
4651	4652	4650	4665
4652	4651	4653	4640
4653	4654	4652	4667
4654	4653	4655	4642
4655	4656	4654	4669
4656	4655	4657	4644
4657	4389	4656	4671
4658	4659	4928	4674
4659	4658	4660	4645
4660	4661	4659	4676
4661	4660	4662	4647
4662	4663	4661	4678
4663	4662	4664	4649
4664	4665	4663	4680
4665	4664	4666	4651
4666	4667	4665	4682
4667	4666	4668	4653
4668	4669	4667	4684
4669	4668	4670	4655
4670	4671	4669	4686
4671	4670	4672	4657
4672	4402	4671	4688
4673	4674	4945	4691
4674	4673	4675	4658
4675	4676	4674	4693
4676	4675	4677	4660
4677	4678	4676	4695
4678	4677	4679	4662
4679	4680	4678	4697
4680	4679	4681	4664
4681	4682	4680	4699
4682	4681	4683	4666
4683	4684	4682	4701
4684	4683	4685	4668
4685	4686	4684	4703
4686	4685	4687	4670
4687	4688	4686	4705
4688	4687	4689	4672
4689	4417	4688	4707
4690	4691	4964	4710
4691	4690	4692	4673
4692	4693	4691	4712
4693	4692	4694	4675
4694	4695	4693	4714
4695	4694	4696	4677
4696	4697	4695	4716
4697	4696	4698	4679
4698	4699	4697	4718
4699	4698	4700	4681
4700	4701	4699	4720
4701	4700	4702	4683
4702	4703	4701	4722
4703	4702	4704	4685
4704	4705	4703	4724
4705	4704	4706	4687
4706	4707	4705	4726
4707	4706	4708	4689
4708	4434	4707	4728
4709	4710	4985	4731
4710	4709	4711	4690
4711	4712	4710	4733
4712	4711	4713	4692
4713	4714	4712	4735
4714	4713	4715	4694
4715	4716	4714	4737
4716	4715	4717	4696
4717	4718	4716	4739
4718	4717	4719	4698
4719	4720	4718	4741
4720	4719	4721	4700
4721	4722	4720	4743
4722	4721	4723	4702
4723	4724	4722	4745
4724	4723	4725	4704
4725	4726	4724	4747
4726	4725	4727	4706
4727	4728	4726	4749
4728	4727	4729	4708
4729	4453	4728	4751
4730	4731	5008	4754
4731	4730	4732	4709
4732	4733	4731	4756
4733	4732	4734	4711
4734	4735	4733	4758
4735	4734	4736	4713
4736	4737	4735	4760
4737	4736	4738	4715
4738	4739	4737	4762
4739	4738	4740	4717
4740	4741	4739	4764
4741	4740	4742	4719
4742	4743	4741	4766
4743	4742	4744	4721
4744	4745	4743	4768
4745	4744	4746	4723
4746	4747	4745	4770
4747	4746	4748	4725
4748	4749	4747	4772
4749	4748	4750	4727
4750	4751	4749	4774
4751	4750	4752	4729
4752	4474	4751	4776
4753	4754	5033	4779
4754	4753	4755	4730
4755	4756	4754	4781
4756	4755	4757	4732
4757	4758	4756	4783
4758	4757	4759	4734
4759	4760	4758	4785
4760	4759	4761	4736
4761	4762	4760	4787
4762	4761	4763	4738
4763	4764	4762	4789
4764	4763	4765	4740
4765	4766	4764	4791
4766	4765	4767	4742
4767	4768	4766	4793
4768	4767	4769	4744
4769	4770	4768	4795
4770	4769	4771	4746
4771	4772	4770	4797
4772	4771	4773	4748
4773	4774	4772	4799
4774	4773	4775	4750
4775	4776	4774	4801
4776	4775	4777	4752
4777	4497	4776	4803
4778	4779	5060	4806
4779	4778	4780	4753
4780	4781	4779	4808
4781	4780	4782	4755
4782	4783	4781	4810
4783	4782	4784	4757
4784	4785	4783	4812
4785	4784	4786	4759
4786	4787	4785	4814
4787	4786	4788	4761
4788	4789	4787	4816
4789	4788	4790	4763
4790	4791	4789	4818
4791	4790	4792	4765
4792	4793	4791	4820
4793	4792	4794	4767
4794	4795	4793	4822
4795	4794	4796	4769
4796	4797	4795	4824
4797	4796	4798	4771
4798	4799	4797	4826
4799	4798	4800	4773
4800	4801	4799	4828
4801	4800	4802	4775
4802	4803	4801	4830
4803	4802	4804	4777
4804	4522	4803	4832
4805	4806	5089	4835
4806	4805	4807	4778
4807	4808	4806	4837
4808	4807	4809	4780
4809	4810	4808	4839
4810	4809	4811	4782
4811	4812	4810	4841
4812	4811	4813	4784
4813	4814	4812	4843
4814	4813	4815	4786
4815	4816	4814	4845
4816	4815	4817	4788
4817	4818	4816	4847
4818	4817	4819	4790
4819	4820	4818	4849
4820	4819	4821	4792
4821	4822	4820	4851
4822	4821	4823	4794
4823	4824	4822	4853
4824	4823	4825	4796
4825	4826	4824	4855
4826	4825	4827	4798
4827	4828	4826	4857
4828	4827	4829	4800
4829	4830	4828	4859
4830	4829	4831	4802
4831	4832	4830	4861
4832	4831	4833	4804
4833	4549	4832	4863
4834	4835	5120	3584
4835	4834	4836	4805
4836	4837	4835	3582
4837	4836	4838	4807
4838	4839	4837	3580
4839	4838	4840	4809
4840	4841	4839	3578
4841	4840	4842	4811
4842	4843	4841	3576
4843	4842	4844	4813
4844	4845	4843	3574
4845	4844	4846	4815
4846	4847	4845	3572
4847	4846	4848	4817
4848	4849	4847	3570
4849	4848	4850	4819
4850	4851	4849	3568
4851	4850	4852	4821
4852	4853	4851	3566
4853	4852	4854	4823
4854	4855	4853	3564
4855	4854	4856	4825
4856	4857	4855	3562
4857	4856	4858	4827
4858	4859	4857	3560
4859	4858	4860	4829
4860	4861	4859	3558
4861	4860	4862	4831
4862	4863	4861	3556
4863	4862	4864	4833
4864	4578	4863	3554
4865	4609	3841	4867
4866	4867	3844	4870
4867	4866	4868	4865
4868	4610	4867	4872
4869	4870	3849	4875
4870	4869	4871	4866
4871	4872	4870	4877
4872	4871	4873	4868
4873	4613	4872	4879
4874	4875	3856	4882
4875	4874	4876	4869
4876	4877	4875	4884
4877	4876	4878	4871
4878	4879	4877	4886
4879	4878	4880	4873
4880	4618	4879	4888
4881	4882	3865	4891
4882	4881	4883	4874
4883	4884	4882	4893
4884	4883	4885	4876
4885	4886	4884	4895
4886	4885	4887	4878
4887	4888	4886	4897
4888	4887	4889	4880
4889	4625	4888	4899
4890	4891	3876	4902
4891	4890	4892	4881
4892	4893	4891	4904
4893	4892	4894	4883
4894	4895	4893	4906
4895	4894	4896	4885
4896	4897	4895	4908
4897	4896	4898	4887
4898	4899	4897	4910
4899	4898	4900	4889
4900	4634	4899	4912
4901	4902	3889	4915
4902	4901	4903	4890
4903	4904	4902	4917
4904	4903	4905	4892
4905	4906	4904	4919
4906	4905	4907	4894
4907	4908	4906	4921
4908	4907	4909	4896
4909	4910	4908	4923
4910	4909	4911	4898
4911	4912	4910	4925
4912	4911	4913	4900
4913	4645	4912	4927
4914	4915	3904	4930
4915	4914	4916	4901
4916	4917	4915	4932
4917	4916	4918	4903
4918	4919	4917	4934
4919	4918	4920	4905
4920	4921	4919	4936
4921	4920	4922	4907
4922	4923	4921	4938
4923	4922	4924	4909
4924	4925	4923	4940
4925	4924	4926	4911
4926	4927	4925	4942
4927	4926	4928	4913
4928	4658	4927	4944
4929	4930	3921	4947
4930	4929	4931	4914
4931	4932	4930	4949
4932	4931	4933	4916
4933	4934	4932	4951
4934	4933	4935	4918
4935	4936	4934	4953
4936	4935	4937	4920
4937	4938	4936	4955
4938	4937	4939	4922
4939	4940	4938	4957
4940	4939	4941	4924
4941	4942	4940	4959
4942	4941	4943	4926
4943	4944	4942	4961
4944	4943	4945	4928
4945	4673	4944	4963
4946	4947	3940	4966
4947	4946	4948	4929
4948	4949	4947	4968
4949	4948	4950	4931
4950	4951	4949	4970
4951	4950	4952	4933
4952	4953	4951	4972
4953	4952	4954	4935
4954	4955	4953	4974
4955	4954	4956	4937
4956	4957	4955	4976
4957	4956	4958	4939
4958	4959	4957	4978
4959	4958	4960	4941
4960	4961	4959	4980
4961	4960	4962	4943
4962	4963	4961	4982
4963	4962	4964	4945
4964	4690	4963	4984
4965	4966	3961	4987
4966	4965	4967	4946
4967	4968	4966	4989
4968	4967	4969	4948
4969	4970	4968	4991
4970	4969	4971	4950
4971	4972	4970	4993
4972	4971	4973	4952
4973	4974	4972	4995
4974	4973	4975	4954
4975	4976	4974	4997
4976	4975	4977	4956
4977	4978	4976	4999
4978	4977	4979	4958
4979	4980	4978	5001
4980	4979	4981	4960
4981	4982	4980	5003
4982	4981	4983	4962
4983	4984	4982	5005
4984	4983	4985	4964
4985	4709	4984	5007
4986	4987	3984	5010
4987	4986	4988	4965
4988	4989	4987	5012
4989	4988	4990	4967
4990	4991	4989	5014
4991	4990	4992	4969
4992	4993	4991	5016
4993	4992	4994	4971
4994	4995	4993	5018
4995	4994	4996	4973
4996	4997	4995	5020
4997	4996	4998	4975
4998	4999	4997	5022
4999	4998	5000	4977
5000	5001	4999	5024
5001	5000	5002	4979
5002	5003	5001	5026
5003	5002	5004	4981
5004	5005	5003	5028
5005	5004	5006	4983
5006	5007	5005	5030
5007	5006	5008	4985
5008	4730	5007	5032
5009	5010	4009	5035
5010	5009	5011	4986
5011	5012	5010	5037
5012	5011	5013	4988
5013	5014	5012	5039
5014	5013	5015	4990
5015	5016	5014	5041
5016	5015	5017	4992
5017	5018	5016	5043
5018	5017	5019	4994
5019	5020	5018	5045
5020	5019	5021	4996
5021	5022	5020	5047
5022	5021	5023	4998
5023	5024	5022	5049
5024	5023	5025	5000
5025	5026	5024	5051
5026	5025	5027	5002
5027	5028	5026	5053
5028	5027	5029	5004
5029	5030	5028	5055
5030	5029	5031	5006
5031	5032	5030	5057
5032	5031	5033	5008
5033	4753	5032	5059
5034	5035	4036	5062
5035	5034	5036	5009
5036	5037	5035	5064
5037	5036	5038	5011
5038	5039	5037	5066
5039	5038	5040	5013
5040	5041	5039	5068
5041	5040	5042	5015
5042	5043	5041	5070
5043	5042	5044	5017
5044	5045	5043	5072
5045	5044	5046	5019
5046	5047	5045	5074
5047	5046	5048	5021
5048	5049	5047	5076
5049	5048	5050	5023
5050	5051	5049	5078
5051	5050	5052	5025
5052	5053	5051	5080
5053	5052	5054	5027
5054	5055	5053	5082
5055	5054	5056	5029
5056	5057	5055	5084
5057	5056	5058	5031
5058	5059	5057	5086
5059	5058	5060	5033
5060	4778	5059	5088
5061	5062	4065	5091
5062	5061	5063	5034
5063	5064	5062	5093
5064	5063	5065	5036
5065	5066	5064	5095
5066	5065	5067	5038
5067	5068	5066	5097
5068	5067	5069	5040
5069	5070	5068	5099
5070	5069	5071	5042
5071	5072	5070	5101
5072	5071	5073	5044
5073	5074	5072	5103
5074	5073	5075	5046
5075	5076	5074	5105
5076	5075	5077	5048
5077	5078	5076	5107
5078	5077	5079	5050
5079	5080	5078	5109
5080	5079	5081	5052
5081	5082	5080	5111
5082	5081	5083	5054
5083	5084	5082	5113
5084	5083	5085	5056
5085	5086	5084	5115
5086	5085	5087	5058
5087	5088	5086	5117
5088	5087	5089	5060
5089	4805	5088	5119
5090	5091	4096	3840
5091	5090	5092	5061
5092	5093	5091	3838
5093	5092	5094	5063
5094	5095	5093	3836
5095	5094	5096	5065
5096	5097	5095	3834
5097	5096	5098	5067
5098	5099	5097	3832
5099	5098	5100	5069
5100	5101	5099	3830
5101	5100	5102	5071
5102	5103	5101	3828
5103	5102	5104	5073
5104	5105	5103	3826
5105	5104	5106	5075
5106	5107	5105	3824
5107	5106	5108	5077
5108	5109	5107	3822
5109	5108	5110	5079
5110	5111	5109	3820
5111	5110	5112	5081
5112	5113	5111	3818
5113	5112	5114	5083
5114	5115	5113	3816
5115	5114	5116	5085
5116	5117	5115	3814
5117	5116	5118	5087
5118	5119	5117	3812
5119	5118	5120	5089
5120	4834	5119	3810
