1	65	257	3	67	129	193	259	2	4
2	3	260	6	4	1	259	264	5	7
3	2	4	1	260	6	8	66	65	257
4	66	3	8	70	67	1	2	7	9
5	6	265	11	7	2	264	271	10	12
6	5	7	2	265	11	13	8	3	260
7	8	6	13	9	4	2	5	12	14
8	7	9	4	6	13	15	69	66	3
9	69	8	15	75	70	4	7	14	16
10	11	272	18	12	5	271	280	17	19
11	10	12	5	272	18	20	13	6	265
12	13	11	20	14	7	5	10	19	21
13	12	14	7	11	20	22	15	8	6
14	15	13	22	16	9	7	12	21	23
15	14	16	9	13	22	24	74	69	8
16	74	15	24	82	75	9	14	23	25
17	18	281	27	19	10	280	291	26	28
18	17	19	10	281	27	29	20	11	272
19	20	18	29	21	12	10	17	28	30
20	19	21	12	18	29	31	22	13	11
21	22	20	31	23	14	12	19	30	32
22	21	23	14	20	31	33	24	15	13
23	24	22	33	25	16	14	21	32	34
24	23	25	16	22	33	35	81	74	15
25	81	24	35	91	82	16	23	34	36
26	27	292	38	28	17	291	304	37	39
27	26	28	17	292	38	40	29	18	281
28	29	27	40	30	19	17	26	39	41
29	28	30	19	27	40	42	31	20	18
30	31	29	42	32	21	19	28	41	43
31	30	32	21	29	42	44	33	22	20
32	33	31	44	34	23	21	30	43	45
33	32	34	23	31	44	46	35	24	22
34	35	33	46	36	25	23	32	45	47
35	34	36	25	33	46	48	90	81	24
36	90	35	48	102	91	25	34	47	49
37	38	305	51	39	26	304	319	50	52
38	37	39	26	305	51	53	40	27	292
39	40	38	53	41	28	26	37	52	54
40	39	41	28	38	53	55	42	29	27
41	42	40	55	43	30	28	39	54	56
42	41	43	30	40	55	57	44	31	29
43	44	42	57	45	32	30	41	56	58
44	43	45	32	42	57	59	46	33	31
45	46	44	59	47	34	32	43	58	60
46	45	47	34	44	59	61	48	35	33
47	48	46	61	49	36	34	45	60	62
48	47	49	36	46	61	63	101	90	35
49	101	48	63	115	102	36	47	62	64
50	51	320	384	52	37	319	626	897	383
51	50	52	37	320	384	382	53	38	305
52	53	51	382	54	39	37	50	383	381
53	52	54	39	51	382	380	55	40	38
54	55	53	380	56	41	39	52	381	379
55	54	56	41	53	380	378	57	42	40
56	57	55	378	58	43	41	54	379	377
57	56	58	43	55	378	376	59	44	42
58	59	57	376	60	45	43	56	377	375
59	58	60	45	57	376	374	61	46	44
60	61	59	374	62	47	45	58	375	373
61	60	62	47	59	374	372	63	48	46
62	63	61	372	64	49	47	60	373	371
63	62	64	49	61	372	370	114	101	48
64	114	63	370	448	115	49	62	371	641
65	129	1	67	131	193	257	3	66	68
66	67	4	70	68	65	3	8	69	71
67	66	68	65	4	70	72	130	129	1
68	130	67	72	134	131	65	66	71	73
69	70	9	75	71	66	8	15	74	76
70	69	71	66	9	75	77	72	67	4
71	72	70	77	73	68	66	69	76	78
72	71	73	68	70	77	79	133	130	67
73	133	72	79	139	134	68	71	78	80
74	75	16	82	76	69	15	24	81	83
75	74	76	69	16	82	84	77	70	9
76	77	75	84	78	71	69	74	83	85
77	76	78	71	75	84	86	79	72	70
78	79	77	86	80	73	71	76	85	87
79	78	80	73	77	86	88	138	133	72
80	138	79	88	146	139	73	78	87	89
81	82	25	91	83	74	24	35	90	92
82	81	83	74	25	91	93	84	75	16
83	84	82	93	85	76	74	81	92	94
84	83	85	76	82	93	95	86	77	75
85	86	84	95	87	78	76	83	94	96
86	85	87	78	84	95	97	88	79	77
87	88	86	97	89	80	78	85	96	98
88	87	89	80	86	97	99	145	138	79
89	145	88	99	155	146	80	87	98	100
90	91	36	102	92	81	35	48	101	103
91	90	92	81	36	102	104	93	82	25
92	93	91	104	94	83	81	90	103	105
93	92	94	83	91	104	106	95	84	82
94	95	93	106	96	85	83	92	105	107
95	94	96	85	93	106	108	97	86	84
96	97	95	108	98	87	85	94	107	109
97	96	98	87	95	108	110	99	88	86
98	99	97	110	100	89	87	96	109	111
99	98	100	89	97	110	112	154	145	88
100	154	99	112	166	155	89	98	111	113
101	102	49	115	103	90	48	63	114	116
102	101	103	90	49	115	117	104	91	36
103	104	102	117	105	92	90	101	116	118
104	103	105	92	102	117	119	106	93	91
105	106	104	119	107	94	92	103	118	120
106	105	107	94	104	119	121	108	95	93
107	108	106	121	109	96	94	105	120	122
108	107	109	96	106	121	123	110	97	95
109	110	108	123	111	98	96	107	122	124
110	109	111	98	108	123	125	112	99	97
111	112	110	125	113	100	98	109	124	126
112	111	113	100	110	125	127	165	154	99
113	165	112	127	179	166	100	111	126	128
114	115	64	448	116	101	63	370	641	447
115	114	116	101	64	448	446	117	102	49
116	117	115	446	118	103	101	114	447	445
117	116	118	103	115	446	444	119	104	102
118	119	117	444	120	105	103	116	445	443
119	118	120	105	117	444	442	121	106	104
120	121	119	442	122	107	105	118	443	441
121	120	122	107	119	442	440	123	108	106
122	123	121	440	124	109	107	120	441	439
123	122	124	109	121	440	438	125	110	108
124	125	123	438	126	111	109	122	439	437
125	124	126	111	123	438	436	127	112	110
126	127	125	436	128	113	111	124	437	435
127	126	128	113	125	436	434	178	165	112
128	178	127	434	512	179	113	126	435	705
129	193	65	131	195	257	1	67	130	132
130	131	68	134	132	129	67	72	133	135
131	130	132	129	68	134	136	194	193	65
132	194	131	136	198	195	129	130	135	137
133	134	73	139	135	130	72	79	138	140
134	133	135	130	73	139	141	136	131	68
135	136	134	141	137	132	130	133	140	142
136	135	137	132	134	141	143	197	194	131
137	197	136	143	203	198	132	135	142	144
138	139	80	146	140	133	79	88	145	147
139	138	140	133	80	146	148	141	134	73
140	141	139	148	142	135	133	138	147	149
141	140	142	135	139	148	150	143	136	134
142	143	141	150	144	137	135	140	149	151
143	142	144	137	141	150	152	202	197	136
144	202	143	152	210	203	137	142	151	153
145	146	89	155	147	138	88	99	154	156
146	145	147	138	89	155	157	148	139	80
147	148	146	157	149	140	138	145	156	158
148	147	149	140	146	157	159	150	141	139
149	150	148	159	151	142	140	147	158	160
150	149	151	142	148	159	161	152	143	141
151	152	150	161	153	144	142	149	160	162
152	151	153	144	150	161	163	209	202	143
153	209	152	163	219	210	144	151	162	164
154	155	100	166	156	145	99	112	165	167
155	154	156	145	100	166	168	157	146	89
156	157	155	168	158	147	145	154	167	169
157	156	158	147	155	168	170	159	148	146
158	159	157	170	160	149	147	156	169	171
159	158	160	149	157	170	172	161	150	148
160	161	159	172	162	151	149	158	171	173
161	160	162	151	159	172	174	163	152	150
162	163	161	174	164	153	151	160	173	175
163	162	164	153	161	174	176	218	209	152
164	218	163	176	230	219	153	162	175	177
165	166	113	179	167	154	112	127	178	180
166	165	167	154	113	179	181	168	155	100
167	168	166	181	169	156	154	165	180	182
168	167	169	156	166	181	183	170	157	155
169	170	168	183	171	158	156	167	182	184
170	169	171	158	168	183	185	172	159	157
171	172	170	185	173	160	158	169	184	186
172	171	173	160	170	185	187	174	161	159
173	174	172	187	175	162	160	171	186	188
174	173	175	162	172	187	189	176	163	161
175	176	174	189	177	164	162	173	188	190
176	175	177	164	174	189	191	229	218	163
177	229	176	191	243	230	164	175	190	192
178	179	128	512	180	165	127	434	705	511
179	178	180	165	128	512	510	181	166	113
180	181	179	510	182	167	165	178	511	509
181	180	182	167	179	510	508	183	168	166
182	183	181	508	184	169	167	180	509	507
183	182	184	169	181	508	506	185	170	168
184	185	183	506	186	171	169	182	507	505
185	184	186	171	183	506	504	187	172	170
186	187	185	504	188	173	171	184	505	503
187	186	188	173	185	504	502	189	174	172
188	189	187	502	190	175	173	186	503	501
189	188	190	175	187	502	500	191	176	174
190	191	189	500	192	177	175	188	501	499
191	190	192	177	189	500	498	242	229	176
192	242	191	498	576	243	177	190	499	769
193	257	129	195	259	1	65	131	194	196
194	195	132	198	196	193	131	136	197	199
195	194	196	193	132	198	200	258	257	129
196	258	195	200	262	259	193	194	199	201
197	198	137	203	199	194	136	143	202	204
198	197	199	194	137	203	205	200	195	132
199	200	198	205	201	196	194	197	204	206
200	199	201	196	198	205	207	261	258	195
201	261	200	207	267	262	196	199	206	208
202	203	144	210	204	197	143	152	209	211
203	202	204	197	144	210	212	205	198	137
204	205	203	212	206	199	197	202	211	213
205	204	206	199	203	212	214	207	200	198
206	207	205	214	208	201	199	204	213	215
207	206	208	201	205	214	216	266	261	200
208	266	207	216	274	267	201	206	215	217
209	210	153	219	211	202	152	163	218	220
210	209	211	202	153	219	221	212	203	144
211	212	210	221	213	204	202	209	220	222
212	211	213	204	210	221	223	214	205	203
213	214	212	223	215	206	204	211	222	224
214	213	215	206	212	223	225	216	207	205
215	216	214	225	217	208	206	213	224	226
216	215	217	208	214	225	227	273	266	207
217	273	216	227	283	274	208	215	226	228
218	219	164	230	220	209	163	176	229	231
219	218	220	209	164	230	232	221	210	153
220	221	219	232	222	211	209	218	231	233
221	220	222	211	219	232	234	223	212	210
222	223	221	234	224	213	211	220	233	235
223	222	224	213	221	234	236	225	214	212
224	225	223	236	226	215	213	222	235	237
225	224	226	215	223	236	238	227	216	214
226	227	225	238	228	217	215	224	237	239
227	226	228	217	225	238	240	282	273	216
228	282	227	240	294	283	217	226	239	241
229	230	177	243	231	218	176	191	242	244
230	229	231	218	177	243	245	232	219	164
231	232	230	245	233	220	218	229	244	246
232	231	233	220	230	245	247	234	221	219
233	234	232	247	235	222	220	231	246	248
234	233	235	222	232	247	249	236	223	221
235	236	234	249	237	224	222	233	248	250
236	235	237	224	234	249	251	238	225	223
237	238	236	251	239	226	224	235	250	252
238	237	239	226	236	251	253	240	227	225
239	240	238	253	241	228	226	237	252	254
240	239	241	228	238	253	255	293	282	227
241	293	240	255	307	294	228	239	254	256
242	243	192	576	244	229	191	498	769	575
243	242	244	229	192	576	574	245	230	177
244	245	243	574	246	231	229	242	575	573
245	244	246	231	243	574	572	247	232	230
246	247	245	572	248	233	231	244	573	571
247	246	248	233	245	572	570	249	234	232
248	249	247	570	250	235	233	246	571	569
249	248	250	235	247	570	568	251	236	234
250	251	249	568	252	237	235	248	569	567
251	250	252	237	249	568	566	253	238	236
252	253	251	566	254	239	237	250	567	565
253	252	254	239	251	566	564	255	240	238
254	255	253	564	256	241	239	252	565	563
255	254	256	241	253	564	562	306	293	240
256	306	255	562	640	307	241	254	563	833
257	1	193	259	3	65	129	195	258	260
258	259	196	262	260	257	195	200	261	263
259	258	260	257	196	262	264	2	1	193
260	2	259	264	6	3	257	258	263	265
261	262	201	267	263	258	200	207	266	268
262	261	263	258	201	267	269	264	259	196
263	264	262	269	265	260	258	261	268	270
264	263	265	260	262	269	271	5	2	259
265	5	264	271	11	6	260	263	270	272
266	267	208	274	268	261	207	216	273	275
267	266	268	261	208	274	276	269	262	201
268	269	267	276	270	263	261	266	275	277
269	268	270	263	267	276	278	271	264	262
270	271	269	278	272	265	263	268	277	279
271	270	272	265	269	278	280	10	5	264
272	10	271	280	18	11	265	270	279	281
273	274	217	283	275	266	216	227	282	284
274	273	275	266	217	283	285	276	267	208
275	276	274	285	277	268	266	273	284	286
276	275	277	268	274	285	287	278	269	267
277	278	276	287	279	270	268	275	286	288
278	277	279	270	276	287	289	280	271	269
279	280	278	289	281	272	270	277	288	290
280	279	281	272	278	289	291	17	10	271
281	17	280	291	27	18	272	279	290	292
282	283	228	294	284	273	227	240	293	295
283	282	284	273	228	294	296	285	274	217
284	285	283	296	286	275	273	282	295	297
285	284	286	275	283	296	298	287	276	274
286	287	285	298	288	277	275	284	297	299
287	286	288	277	285	298	300	289	278	276
288	289	287	300	290	279	277	286	299	301
289	288	290	279	287	300	302	291	280	278
290	291	289	302	292	281	279	288	301	303
291	290	292	281	289	302	304	26	17	280
292	26	291	304	38	27	281	290	303	305
293	294	241	307	295	282	240	255	306	308
294	293	295	282	241	307	309	296	283	228
295	296	294	309	297	284	282	293	308	310
296	295	297	284	294	309	311	298	285	283
297	298	296	311	299	286	284	295	310	312
298	297	299	286	296	311	313	300	287	285
299	300	298	313	301	288	286	297	312	314
300	299	301	288	298	313	315	302	289	287
301	302	300	315	303	290	288	299	314	316
302	301	303	290	300	315	317	304	291	289
303	304	302	317	305	292	290	301	316	318
304	303	305	292	302	317	319	37	26	291
305	37	304	319	51	38	292	303	318	320
306	307	256	640	308	293	255	562	833	639
307	306	308	293	256	640	638	309	294	241
308	309	307	638	310	295	293	306	639	637
309	308	310	295	307	638	636	311	296	294
310	311	309	636	312	297	295	308	637	635
311	310	312	297	309	636	634	313	298	296
312	313	311	634	314	299	297	310	635	633
313	312	314	299	311	634	632	315	300	298
314	315	313	632	316	301	299	312	633	631
315	314	316	301	313	632	630	317	302	300
316	317	315	630	318	303	301	314	631	629
317	316	318	303	315	630	628	319	304	302
318	319	317	628	320	305	303	316	629	627
319	318	320	305	317	628	626	50	37	304
320	50	319	626	384	51	305	318	627	897
321	960	690	323	959	1266	1024	691	322	324
322	323	677	326	324	321	691	678	325	327
323	322	324	321	677	326	328	945	960	690
324	945	323	328	944	959	321	322	327	329
325	326	666	331	327	322	678	667	330	332
326	325	327	322	666	331	333	328	323	677
327	328	326	333	329	324	322	325	332	334
328	327	329	324	326	333	335	932	945	323
329	932	328	335	931	944	324	327	334	336
330	331	657	338	332	325	667	658	337	339
331	330	332	325	657	338	340	333	326	666
332	333	331	340	334	327	325	330	339	341
333	332	334	327	331	340	342	335	328	326
334	335	333	342	336	329	327	332	341	343
335	334	336	329	333	342	344	921	932	328
336	921	335	344	920	931	329	334	343	345
337	338	650	347	339	330	658	651	346	348
338	337	339	330	650	347	349	340	331	657
339	340	338	349	341	332	330	337	348	350
340	339	341	332	338	349	351	342	333	331
341	342	340	351	343	334	332	339	350	352
342	341	343	334	340	351	353	344	335	333
343	344	342	353	345	336	334	341	352	354
344	343	345	336	342	353	355	912	921	335
345	912	344	355	911	920	336	343	354	356
346	347	645	358	348	337	651	646	357	359
347	346	348	337	645	358	360	349	338	650
348	349	347	360	350	339	337	346	359	361
349	348	350	339	347	360	362	351	340	338
350	351	349	362	352	341	339	348	361	363
351	350	352	341	349	362	364	353	342	340
352	353	351	364	354	343	341	350	363	365
353	352	354	343	351	364	366	355	344	342
354	355	353	366	356	345	343	352	365	367
355	354	356	345	353	366	368	905	912	344
356	905	355	368	904	911	345	354	367	369
357	358	642	371	359	346	646	643	370	372
358	357	359	346	642	371	373	360	347	645
359	360	358	373	361	348	346	357	372	374
360	359	361	348	358	373	375	362	349	347
361	362	360	375	363	350	348	359	374	376
362	361	363	350	360	375	377	364	351	349
363	364	362	377	365	352	350	361	376	378
364	363	365	352	362	377	379	366	353	351
365	366	364	379	367	354	352	363	378	380
366	365	367	354	364	379	381	368	355	353
367	368	366	381	369	356	354	365	380	382
368	367	369	356	366	381	383	900	905	355
369	900	368	383	899	904	356	367	382	384
370	371	641	64	372	357	643	448	114	63
371	370	372	357	641	64	62	373	358	642
372	373	371	62	374	359	357	370	63	61
373	372	374	359	371	62	60	375	360	358
374	375	373	60	376	361	359	372	61	59
375	374	376	361	373	60	58	377	362	360
376	377	375	58	378	363	361	374	59	57
377	376	378	363	375	58	56	379	364	362
378	379	377	56	380	365	363	376	57	55
379	378	380	365	377	56	54	381	366	364
380	381	379	54	382	367	365	378	55	53
381	380	382	367	379	54	52	383	368	366
382	383	381	52	384	369	367	380	53	51
383	382	384	369	381	52	50	897	900	368
384	897	383	50	626	899	369	382	51	320
385	704	754	387	703	1010	1088	755	386	388
386	387	741	390	388	385	755	742	389	391
387	386	388	385	741	390	392	689	704	754
388	689	387	392	688	703	385	386	391	393
389	390	730	395	391	386	742	731	394	396
390	389	391	386	730	395	397	392	387	741
391	392	390	397	393	388	386	389	396	398
392	391	393	388	390	397	399	676	689	387
393	676	392	399	675	688	388	391	398	400
394	395	721	402	396	389	731	722	401	403
395	394	396	389	721	402	404	397	390	730
396	397	395	404	398	391	389	394	403	405
397	396	398	391	395	404	406	399	392	390
398	399	397	406	400	393	391	396	405	407
399	398	400	393	397	406	408	665	676	392
400	665	399	408	664	675	393	398	407	409
401	402	714	411	403	394	722	715	410	412
402	401	403	394	714	411	413	404	395	721
403	404	402	413	405	396	394	401	412	414
404	403	405	396	402	413	415	406	397	395
405	406	404	415	407	398	396	403	414	416
406	405	407	398	404	415	417	408	399	397
407	408	406	417	409	400	398	405	416	418
408	407	409	400	406	417	419	656	665	399
409	656	408	419	655	664	400	407	418	420
410	411	709	422	412	401	715	710	421	423
411	410	412	401	709	422	424	413	402	714
412	413	411	424	414	403	401	410	423	425
413	412	414	403	411	424	426	415	404	402
414	415	413	426	416	405	403	412	425	427
415	414	416	405	413	426	428	417	406	404
416	417	415	428	418	407	405	414	427	429
417	416	418	407	415	428	430	419	408	406
418	419	417	430	420	409	407	416	429	431
419	418	420	409	417	430	432	649	656	408
420	649	419	432	648	655	409	418	431	433
421	422	706	435	423	410	710	707	434	436
422	421	423	410	706	435	437	424	411	709
423	424	422	437	425	412	410	421	436	438
424	423	425	412	422	437	439	426	413	411
425	426	424	439	427	414	412	423	438	440
426	425	427	414	424	439	441	428	415	413
427	428	426	441	429	416	414	425	440	442
428	427	429	416	426	441	443	430	417	415
429	430	428	443	431	418	416	427	442	444
430	429	431	418	428	443	445	432	419	417
431	432	430	445	433	420	418	429	444	446
432	431	433	420	430	445	447	644	649	419
433	644	432	447	643	648	420	431	446	448
434	435	705	128	436	421	707	512	178	127
435	434	436	421	705	128	126	437	422	706
436	437	435	126	438	423	421	434	127	125
437	436	438	423	435	126	124	439	424	422
438	439	437	124	440	425	423	436	125	123
439	438	440	425	437	124	122	441	426	424
440	441	439	122	442	427	425	438	123	121
441	440	442	427	439	122	120	443	428	426
442	443	441	120	444	429	427	440	121	119
443	442	444	429	441	120	118	445	430	428
444	445	443	118	446	431	429	442	119	117
445	444	446	431	443	118	116	447	432	430
446	447	445	116	448	433	431	444	117	115
447	446	448	433	445	116	114	641	644	432
448	641	447	114	370	643	433	446	115	64
449	768	818	451	767	1074	1152	819	450	452
450	451	805	454	452	449	819	806	453	455
451	450	452	449	805	454	456	753	768	818
452	753	451	456	752	767	449	450	455	457
453	454	794	459	455	450	806	795	458	460
454	453	455	450	794	459	461	456	451	805
455	456	454	461	457	452	450	453	460	462
456	455	457	452	454	461	463	740	753	451
457	740	456	463	739	752	452	455	462	464
458	459	785	466	460	453	795	786	465	467
459	458	460	453	785	466	468	461	454	794
460	461	459	468	462	455	453	458	467	469
461	460	462	455	459	468	470	463	456	454
462	463	461	470	464	457	455	460	469	471
463	462	464	457	461	470	472	729	740	456
464	729	463	472	728	739	457	462	471	473
465	466	778	475	467	458	786	779	474	476
466	465	467	458	778	475	477	468	459	785
467	468	466	477	469	460	458	465	476	478
468	467	469	460	466	477	479	470	461	459
469	470	468	479	471	462	460	467	478	480
470	469	471	462	468	479	481	472	463	461
471	472	470	481	473	464	462	469	480	482
472	471	473	464	470	481	483	720	729	463
473	720	472	483	719	728	464	471	482	484
474	475	773	486	476	465	779	774	485	487
475	474	476	465	773	486	488	477	466	778
476	477	475	488	478	467	465	474	487	489
477	476	478	467	475	488	490	479	468	466
478	479	477	490	480	469	467	476	489	491
479	478	480	469	477	490	492	481	470	468
480	481	479	492	482	471	469	478	491	493
481	480	482	471	479	492	494	483	472	470
482	483	481	494	484	473	471	480	493	495
483	482	484	473	481	494	496	713	720	472
484	713	483	496	712	719	473	482	495	497
485	486	770	499	487	474	774	771	498	500
486	485	487	474	770	499	501	488	475	773
487	488	486	501	489	476	474	485	500	502
488	487	489	476	486	501	503	490	477	475
489	490	488	503	491	478	476	487	502	504
490	489	491	478	488	503	505	492	479	477
491	492	490	505	493	480	478	489	504	506
492	491	493	480	490	505	507	494	481	479
493	494	492	507	495	482	480	491	506	508
494	493	495	482	492	507	509	496	483	481
495	496	494	509	497	484	482	493	508	510
496	495	497	484	494	509	511	708	713	483
497	708	496	511	707	712	484	495	510	512
498	499	769	192	500	485	771	576	242	191
499	498	500	485	769	192	190	501	486	770
500	501	499	190	502	487	485	498	191	189
501	500	502	487	499	190	188	503	488	486
502	503	501	188	504	489	487	500	189	187
503	502	504	489	501	188	186	505	490	488
504	505	503	186	506	491	489	502	187	185
505	504	506	491	503	186	184	507	492	490
506	507	505	184	508	493	491	504	185	183
507	506	508	493	505	184	182	509	494	492
508	509	507	182	510	495	493	506	183	181
509	508	510	495	507	182	180	511	496	494
510	511	509	180	512	497	495	508	181	179
511	510	512	497	509	180	178	705	708	496
512	705	511	178	434	707	497	510	179	128
513	832	882	515	831	1138	1216	883	514	516
514	515	869	518	516	513	883	870	517	519
515	514	516	513	869	518	520	817	832	882
516	817	515	520	816	831	513	514	519	521
517	518	858	523	519	514	870	859	522	524
518	517	519	514	858	523	525	520	515	869
519	520	518	525	521	516	514	517	524	526
520	519	521	516	518	525	527	804	817	515
521	804	520	527	803	816	516	519	526	528
522	523	849	530	524	517	859	850	529	531
523	522	524	517	849	530	532	525	518	858
524	525	523	532	526	519	517	522	531	533
525	524	526	519	523	532	534	527	520	518
526	527	525	534	528	521	519	524	533	535
527	526	528	521	525	534	536	793	804	520
528	793	527	536	792	803	521	526	535	537
529	530	842	539	531	522	850	843	538	540
530	529	531	522	842	539	541	532	523	849
531	532	530	541	533	524	522	529	540	542
532	531	533	524	530	541	543	534	525	523
533	534	532	543	535	526	524	531	542	544
534	533	535	526	532	543	545	536	527	525
535	536	534	545	537	528	526	533	544	546
536	535	537	528	534	545	547	784	793	527
537	784	536	547	783	792	528	535	546	548
538	539	837	550	540	529	843	838	549	551
539	538	540	529	837	550	552	541	530	842
540	541	539	552	542	531	529	538	551	553
541	540	542	531	539	552	554	543	532	530
542	543	541	554	544	533	531	540	553	555
543	542	544	533	541	554	556	545	534	532
544	545	543	556	546	535	533	542	555	557
545	544	546	535	543	556	558	547	536	534
546	547	545	558	548	537	535	544	557	559
547	546	548	537	545	558	560	777	784	536
548	777	547	560	776	783	537	546	559	561
549	550	834	563	551	538	838	835	562	564
550	549	551	538	834	563	565	552	539	837
551	552	550	565	553	540	538	549	564	566
552	551	553	540	550	565	567	554	541	539
553	554	552	567	555	542	540	551	566	568
554	553	555	542	552	567	569	556	543	541
555	556	554	569	557	544	542	553	568	570
556	555	557	544	554	569	571	558	545	543
557	558	556	571	559	546	544	555	570	572
558	557	559	546	556	571	573	560	547	545
559	560	558	573	561	548	546	557	572	574
560	559	561	548	558	573	575	772	777	547
561	772	560	575	771	776	548	559	574	576
562	563	833	256	564	549	835	640	306	255
563	562	564	549	833	256	254	565	550	834
564	565	563	254	566	551	549	562	255	253
565	564	566	551	563	254	252	567	552	550
566	567	565	252	568	553	551	564	253	251
567	566	568	553	565	252	250	569	554	552
568	569	567	250	570	555	553	566	251	249
569	568	570	555	567	250	248	571	556	554
570	571	569	248	572	557	555	568	249	247
571	570	572	557	569	248	246	573	558	556
572	573	571	246	574	559	557	570	247	245
573	572	574	559	571	246	244	575	560	558
574	575	573	244	576	561	559	572	245	243
575	574	576	561	573	244	242	769	772	560
576	769	575	242	498	771	561	574	243	192
577	896	946	579	895	1202	1280	947	578	580
578	579	933	582	580	577	947	934	581	583
579	578	580	577	933	582	584	881	896	946
580	881	579	584	880	895	577	578	583	585
581	582	922	587	583	578	934	923	586	588
582	581	583	578	922	587	589	584	579	933
583	584	582	589	585	580	578	581	588	590
584	583	585	580	582	589	591	868	881	579
585	868	584	591	867	880	580	583	590	592
586	587	913	594	588	581	923	914	593	595
587	586	588	581	913	594	596	589	582	922
588	589	587	596	590	583	581	586	595	597
589	588	590	583	587	596	598	591	584	582
590	591	589	598	592	585	583	588	597	599
591	590	592	585	589	598	600	857	868	584
592	857	591	600	856	867	585	590	599	601
593	594	906	603	595	586	914	907	602	604
594	593	595	586	906	603	605	596	587	913
595	596	594	605	597	588	586	593	604	606
596	595	597	588	594	605	607	598	589	587
597	598	596	607	599	590	588	595	606	608
598	597	599	590	596	607	609	600	591	589
599	600	598	609	601	592	590	597	608	610
600	599	601	592	598	609	611	848	857	591
601	848	600	611	847	856	592	599	610	612
602	603	901	614	604	593	907	902	613	615
603	602	604	593	901	614	616	605	594	906
604	605	603	616	606	595	593	602	615	617
605	604	606	595	603	616	618	607	596	594
606	607	605	618	608	597	595	604	617	619
607	606	608	597	605	618	620	609	598	596
608	609	607	620	610	599	597	606	619	621
609	608	610	599	607	620	622	611	600	598
610	611	609	622	612	601	599	608	621	623
611	610	612	601	609	622	624	841	848	600
612	841	611	624	840	847	601	610	623	625
613	614	898	627	615	602	902	899	626	628
614	613	615	602	898	627	629	616	603	901
615	616	614	629	617	604	602	613	628	630
616	615	617	604	614	629	631	618	605	603
617	618	616	631	619	606	604	615	630	632
618	617	619	606	616	631	633	620	607	605
619	620	618	633	621	608	606	617	632	634
620	619	621	608	618	633	635	622	609	607
621	622	620	635	623	610	608	619	634	636
622	621	623	610	620	635	637	624	611	609
623	624	622	637	625	612	610	621	636	638
624	623	625	612	622	637	639	836	841	611
625	836	624	639	835	840	612	623	638	640
626	627	897	320	628	613	899	384	50	319
627	626	628	613	897	320	318	629	614	898
628	629	627	318	630	615	613	626	319	317
629	628	630	615	627	318	316	631	616	614
630	631	629	316	632	617	615	628	317	315
631	630	632	617	629	316	314	633	618	616
632	633	631	314	634	619	617	630	315	313
633	632	634	619	631	314	312	635	620	618
634	635	633	312	636	621	619	632	313	311
635	634	636	621	633	312	310	637	622	620
636	637	635	310	638	623	621	634	311	309
637	636	638	623	635	310	308	639	624	622
638	639	637	308	640	625	623	636	309	307
639	638	640	625	637	308	306	833	836	624
640	833	639	306	562	835	625	638	307	256
641	448	370	643	447	114	64	371	642	644
642	643	357	646	644	641	371	358	645	647
643	642	644	641	357	646	648	433	448	370
644	433	643	648	432	447	641	642	647	649
645	646	346	651	647	642	358	347	650	652
646	645	647	642	346	651	653	648	643	357
647	648	646	653	649	644	642	645	652	654
648	647	649	644	646	653	655	420	433	643
649	420	648	655	419	432	644	647	654	656
650	651	337	658	652	645	347	338	657	659
651	650	652	645	337	658	660	653	646	346
652	653	651	660	654	647	645	650	659	661
653	652	654	647	651	660	662	655	648	646
654	655	653	662	656	649	647	652	661	663
655	654	656	649	653	662	664	409	420	648
656	409	655	664	408	419	649	654	663	665
657	658	330	667	659	650	338	331	666	668
658	657	659	650	330	667	669	660	651	337
659	660	658	669	661	652	650	657	668	670
660	659	661	652	658	669	671	662	653	651
661	662	660	671	663	654	652	659	670	672
662	661	663	654	660	671	673	664	655	653
663	664	662	673	665	656	654	661	672	674
664	663	665	656	662	673	675	400	409	655
665	400	664	675	399	408	656	663	674	676
666	667	325	678	668	657	331	326	677	679
667	666	668	657	325	678	680	669	658	330
668	669	667	680	670	659	657	666	679	681
669	668	670	659	667	680	682	671	660	658
670	671	669	682	672	661	659	668	681	683
671	670	672	661	669	682	684	673	662	660
672	673	671	684	674	663	661	670	683	685
673	672	674	663	671	684	686	675	664	662
674	675	673	686	676	665	663	672	685	687
675	674	676	665	673	686	688	393	400	664
676	393	675	688	392	399	665	674	687	689
677	678	322	691	679	666	326	323	690	692
678	677	679	666	322	691	693	680	667	325
679	680	678	693	681	668	666	677	692	694
680	679	681	668	678	693	695	682	669	667
681	682	680	695	683	670	668	679	694	696
682	681	683	670	680	695	697	684	671	669
683	684	682	697	685	672	670	681	696	698
684	683	685	672	682	697	699	686	673	671
685	686	684	699	687	674	672	683	698	700
686	685	687	674	684	699	701	688	675	673
687	688	686	701	689	676	674	685	700	702
688	687	689	676	686	701	703	388	393	675
689	388	688	703	387	392	676	687	702	704
690	691	321	1024	692	677	323	960	1266	1023
691	690	692	677	321	1024	1022	693	678	322
692	693	691	1022	694	679	677	690	1023	1021
693	692	694	679	691	1022	1020	695	680	678
694	695	693	1020	696	681	679	692	1021	1019
695	694	696	681	693	1020	1018	697	682	680
696	697	695	1018	698	683	681	694	1019	1017
697	696	698	683	695	1018	1016	699	684	682
698	699	697	1016	700	685	683	696	1017	1015
699	698	700	685	697	1016	1014	701	686	684
700	701	699	1014	702	687	685	698	1015	1013
701	700	702	687	699	1014	1012	703	688	686
702	703	701	1012	704	689	687	700	1013	1011
703	702	704	689	701	1012	1010	385	388	688
704	385	703	1010	754	387	689	702	1011	1088
705	512	434	707	511	178	128	435	706	708
706	707	421	710	708	705	435	422	709	711
707	706	708	705	421	710	712	497	512	434
708	497	707	712	496	511	705	706	711	713
709	710	410	715	711	706	422	411	714	716
710	709	711	706	410	715	717	712	707	421
711	712	710	717	713	708	706	709	716	718
712	711	713	708	710	717	719	484	497	707
713	484	712	719	483	496	708	711	718	720
714	715	401	722	716	709	411	402	721	723
715	714	716	709	401	722	724	717	710	410
716	717	715	724	718	711	709	714	723	725
717	716	718	711	715	724	726	719	712	710
718	719	717	726	720	713	711	716	725	727
719	718	720	713	717	726	728	473	484	712
720	473	719	728	472	483	713	718	727	729
721	722	394	731	723	714	402	395	730	732
722	721	723	714	394	731	733	724	715	401
723	724	722	733	725	716	714	721	732	734
724	723	725	716	722	733	735	726	717	715
725	726	724	735	727	718	716	723	734	736
726	725	727	718	724	735	737	728	719	717
727	728	726	737	729	720	718	725	736	738
728	727	729	720	726	737	739	464	473	719
729	464	728	739	463	472	720	727	738	740
730	731	389	742	732	721	395	390	741	743
731	730	732	721	389	742	744	733	722	394
732	733	731	744	734	723	721	730	743	745
733	732	734	723	731	744	746	735	724	722
734	735	733	746	736	725	723	732	745	747
735	734	736	725	733	746	748	737	726	724
736	737	735	748	738	727	725	734	747	749
737	736	738	727	735	748	750	739	728	726
738	739	737	750	740	729	727	736	749	751
739	738	740	729	737	750	752	457	464	728
740	457	739	752	456	463	729	738	751	753
741	742	386	755	743	730	390	387	754	756
742	741	743	730	386	755	757	744	731	389
743	744	742	757	745	732	730	741	756	758
744	743	745	732	742	757	759	746	733	731
745	746	744	759	747	734	732	743	758	760
746	745	747	734	744	759	761	748	735	733
747	748	746	761	749	736	734	745	760	762
748	747	749	736	746	761	763	750	737	735
749	750	748	763	751	738	736	747	762	764
750	749	751	738	748	763	765	752	739	737
751	752	750	765	753	740	738	749	764	766
752	751	753	740	750	765	767	452	457	739
753	452	752	767	451	456	740	751	766	768
754	755	385	1088	756	741	387	704	1010	1087
755	754	756	741	385	1088	1086	757	742	386
756	757	755	1086	758	743	741	754	1087	1085
757	756	758	743	755	1086	1084	759	744	742
758	759	757	1084	760	745	743	756	1085	1083
759	758	760	745	757	1084	1082	761	746	744
760	761	759	1082	762	747	745	758	1083	1081
761	760	762	747	759	1082	1080	763	748	746
762	763	761	1080	764	749	747	760	1081	1079
763	762	764	749	761	1080	1078	765	750	748
764	765	763	1078	766	751	749	762	1079	1077
765	764	766	751	763	1078	1076	767	752	750
766	767	765	1076	768	753	751	764	1077	1075
767	766	768	753	765	1076	1074	449	452	752
768	449	767	1074	818	451	753	766	1075	1152
769	576	498	771	575	242	192	499	770	772
770	771	485	774	772	769	499	486	773	775
771	770	772	769	485	774	776	561	576	498
772	561	771	776	560	575	769	770	775	777
773	774	474	779	775	770	486	475	778	780
774	773	775	770	474	779	781	776	771	485
775	776	774	781	777	772	770	773	780	782
776	775	777	772	774	781	783	548	561	771
777	548	776	783	547	560	772	775	782	784
778	779	465	786	780	773	475	466	785	787
779	778	780	773	465	786	788	781	774	474
780	781	779	788	782	775	773	778	787	789
781	780	782	775	779	788	790	783	776	774
782	783	781	790	784	777	775	780	789	791
783	782	784	777	781	790	792	537	548	776
784	537	783	792	536	547	777	782	791	793
785	786	458	795	787	778	466	459	794	796
786	785	787	778	458	795	797	788	779	465
787	788	786	797	789	780	778	785	796	798
788	787	789	780	786	797	799	790	781	779
789	790	788	799	791	782	780	787	798	800
790	789	791	782	788	799	801	792	783	781
791	792	790	801	793	784	782	789	800	802
792	791	793	784	790	801	803	528	537	783
793	528	792	803	527	536	784	791	802	804
794	795	453	806	796	785	459	454	805	807
795	794	796	785	453	806	808	797	786	458
796	797	795	808	798	787	785	794	807	809
797	796	798	787	795	808	810	799	788	786
798	799	797	810	800	789	787	796	809	811
799	798	800	789	797	810	812	801	790	788
800	801	799	812	802	791	789	798	811	813
801	800	802	791	799	812	814	803	792	790
802	803	801	814	804	793	791	800	813	815
803	802	804	793	801	814	816	521	528	792
804	521	803	816	520	527	793	802	815	817
805	806	450	819	807	794	454	451	818	820
806	805	807	794	450	819	821	808	795	453
807	808	806	821	809	796	794	805	820	822
808	807	809	796	806	821	823	810	797	795
809	810	808	823	811	798	796	807	822	824
810	809	811	798	808	823	825	812	799	797
811	812	810	825	813	800	798	809	824	826
812	811	813	800	810	825	827	814	801	799
813	814	812	827	815	802	800	811	826	828
814	813	815	802	812	827	829	816	803	801
815	816	814	829	817	804	802	813	828	830
816	815	817	804	814	829	831	516	521	803
817	516	816	831	515	520	804	815	830	832
818	819	449	1152	820	805	451	768	1074	1151
819	818	820	805	449	1152	1150	821	806	450
820	821	819	1150	822	807	805	818	1151	1149
821	820	822	807	819	1150	1148	823	808	806
822	823	821	1148	824	809	807	820	1149	1147
823	822	824	809	821	1148	1146	825	810	808
824	825	823	1146	826	811	809	822	1147	1145
825	824	826	811	823	1146	1144	827	812	810
826	827	825	1144	828	813	811	824	1145	1143
827	826	828	813	825	1144	1142	829	814	812
828	829	827	1142	830	815	813	826	1143	1141
829	828	830	815	827	1142	1140	831	816	814
830	831	829	1140	832	817	815	828	1141	1139
831	830	832	817	829	1140	1138	513	516	816
832	513	831	1138	882	515	817	830	1139	1216
833	640	562	835	639	306	256	563	834	836
834	835	549	838	836	833	563	550	837	839
835	834	836	833	549	838	840	625	640	562
836	625	835	840	624	639	833	834	839	841
837	838	538	843	839	834	550	539	842	844
838	837	839	834	538	843	845	840	835	549
839	840	838	845	841	836	834	837	844	846
840	839	841	836	838	845	847	612	625	835
841	612	840	847	611	624	836	839	846	848
842	843	529	850	844	837	539	530	849	851
843	842	844	837	529	850	852	845	838	538
844	845	843	852	846	839	837	842	851	853
845	844	846	839	843	852	854	847	840	838
846	847	845	854	848	841	839	844	853	855
847	846	848	841	845	854	856	601	612	840
848	601	847	856	600	611	841	846	855	857
849	850	522	859	851	842	530	523	858	860
850	849	851	842	522	859	861	852	843	529
851	852	850	861	853	844	842	849	860	862
852	851	853	844	850	861	863	854	845	843
853	854	852	863	855	846	844	851	862	864
854	853	855	846	852	863	865	856	847	845
855	856	854	865	857	848	846	853	864	866
856	855	857	848	854	865	867	592	601	847
857	592	856	867	591	600	848	855	866	868
858	859	517	870	860	849	523	518	869	871
859	858	860	849	517	870	872	861	850	522
860	861	859	872	862	851	849	858	871	873
861	860	862	851	859	872	874	863	852	850
862	863	861	874	864	853	851	860	873	875
863	862	864	853	861	874	876	865	854	852
864	865	863	876	866	855	853	862	875	877
865	864	866	855	863	876	878	867	856	854
866	867	865	878	868	857	855	864	877	879
867	866	868	857	865	878	880	585	592	856
868	585	867	880	584	591	857	866	879	881
869	870	514	883	871	858	518	515	882	884
870	869	871	858	514	883	885	872	859	517
871	872	870	885	873	860	858	869	884	886
872	871	873	860	870	885	887	874	861	859
873	874	872	887	875	862	860	871	886	888
874	873	875	862	872	887	889	876	863	861
875	876	874	889	877	864	862	873	888	890
876	875	877	864	874	889	891	878	865	863
877	878	876	891	879	866	864	875	890	892
878	877	879	866	876	891	893	880	867	865
879	880	878	893	881	868	866	877	892	894
880	879	881	868	878	893	895	580	585	867
881	580	880	895	579	584	868	879	894	896
882	883	513	1216	884	869	515	832	1138	1215
883	882	884	869	513	1216	1214	885	870	514
884	885	883	1214	886	871	869	882	1215	1213
885	884	886	871	883	1214	1212	887	872	870
886	887	885	1212	888	873	871	884	1213	1211
887	886	888	873	885	1212	1210	889	874	872
888	889	887	1210	890	875	873	886	1211	1209
889	888	890	875	887	1210	1208	891	876	874
890	891	889	1208	892	877	875	888	1209	1207
891	890	892	877	889	1208	1206	893	878	876
892	893	891	1206	894	879	877	890	1207	1205
893	892	894	879	891	1206	1204	895	880	878
894	895	893	1204	896	881	879	892	1205	1203
895	894	896	881	893	1204	1202	577	580	880
896	577	895	1202	946	579	881	894	1203	1280
897	384	626	899	383	50	320	627	898	900
898	899	613	902	900	897	627	614	901	903
899	898	900	897	613	902	904	369	384	626
900	369	899	904	368	383	897	898	903	905
901	902	602	907	903	898	614	603	906	908
902	901	903	898	602	907	909	904	899	613
903	904	902	909	905	900	898	901	908	910
904	903	905	900	902	909	911	356	369	899
905	356	904	911	355	368	900	903	910	912
906	907	593	914	908	901	603	594	913	915
907	906	908	901	593	914	916	909	902	602
908	909	907	916	910	903	901	906	915	917
909	908	910	903	907	916	918	911	904	902
910	911	909	918	912	905	903	908	917	919
911	910	912	905	909	918	920	345	356	904
912	345	911	920	344	355	905	910	919	921
913	914	586	923	915	906	594	587	922	924
914	913	915	906	586	923	925	916	907	593
915	916	914	925	917	908	906	913	924	926
916	915	917	908	914	925	927	918	909	907
917	918	916	927	919	910	908	915	926	928
918	917	919	910	916	927	929	920	911	909
919	920	918	929	921	912	910	917	928	930
920	919	921	912	918	929	931	336	345	911
921	336	920	931	335	344	912	919	930	932
922	923	581	934	924	913	587	582	933	935
923	922	924	913	581	934	936	925	914	586
924	925	923	936	926	915	913	922	935	937
925	924	926	915	923	936	938	927	916	914
926	927	925	938	928	917	915	924	937	939
927	926	928	917	925	938	940	929	918	916
928	929	927	940	930	919	917	926	939	941
929	928	930	919	927	940	942	931	920	918
930	931	929	942	932	921	919	928	941	943
931	930	932	921	929	942	944	329	336	920
932	329	931	944	328	335	921	930	943	945
933	934	578	947	935	922	582	579	946	948
934	933	935	922	578	947	949	936	923	581
935	936	934	949	937	924	922	933	948	950
936	935	937	924	934	949	951	938	925	923
937	938	936	951	939	926	924	935	950	952
938	937	939	926	936	951	953	940	927	925
939	940	938	953	941	928	926	937	952	954
940	939	941	928	938	953	955	942	929	927
941	942	940	955	943	930	928	939	954	956
942	941	943	930	940	955	957	944	931	929
943	944	942	957	945	932	930	941	956	958
944	943	945	932	942	957	959	324	329	931
945	324	944	959	323	328	932	943	958	960
946	947	577	1280	948	933	579	896	1202	1279
947	946	948	933	577	1280	1278	949	934	578
948	949	947	1278	950	935	933	946	1279	1277
949	948	950	935	947	1278	1276	951	936	934
950	951	949	1276	952	937	935	948	1277	1275
951	950	952	937	949	1276	1274	953	938	936
952	953	951	1274	954	939	937	950	1275	1273
953	952	954	939	951	1274	1272	955	940	938
954	955	953	1272	956	941	939	952	1273	1271
955	954	956	941	953	1272	1270	957	942	940
956	957	955	1270	958	943	941	954	1271	1269
957	956	958	943	955	1270	1268	959	944	942
958	959	957	1268	960	945	943	956	1269	1267
959	958	960	945	957	1268	1266	321	324	944
960	321	959	1266	690	323	945	958	1267	1024
961	1217	1025	963	1219	1153	1089	1027	962	964
962	963	1028	966	964	961	1027	1032	965	967
963	962	964	961	1028	966	968	1218	1217	1025
964	1218	963	968	1222	1219	961	962	967	969
965	966	1033	971	967	962	1032	1039	970	972
966	965	967	962	1033	971	973	968	963	1028
967	968	966	973	969	964	962	965	972	974
968	967	969	964	966	973	975	1221	1218	963
969	1221	968	975	1227	1222	964	967	974	976
970	971	1040	978	972	965	1039	1048	977	979
971	970	972	965	1040	978	980	973	966	1033
972	973	971	980	974	967	965	970	979	981
973	972	974	967	971	980	982	975	968	966
974	975	973	982	976	969	967	972	981	983
975	974	976	969	973	982	984	1226	1221	968
976	1226	975	984	1234	1227	969	974	983	985
977	978	1049	987	979	970	1048	1059	986	988
978	977	979	970	1049	987	989	980	971	1040
979	980	978	989	981	972	970	977	988	990
980	979	981	972	978	989	991	982	973	971
981	982	980	991	983	974	972	979	990	992
982	981	983	974	980	991	993	984	975	973
983	984	982	993	985	976	974	981	992	994
984	983	985	976	982	993	995	1233	1226	975
985	1233	984	995	1243	1234	976	983	994	996
986	987	1060	998	988	977	1059	1072	997	999
987	986	988	977	1060	998	1000	989	978	1049
988	989	987	1000	990	979	977	986	999	1001
989	988	990	979	987	1000	1002	991	980	978
990	991	989	1002	992	981	979	988	1001	1003
991	990	992	981	989	1002	1004	993	982	980
992	993	991	1004	994	983	981	990	1003	1005
993	992	994	983	991	1004	1006	995	984	982
994	995	993	1006	996	985	983	992	1005	1007
995	994	996	985	993	1006	1008	1242	1233	984
996	1242	995	1008	1254	1243	985	994	1007	1009
997	998	1073	1011	999	986	1072	1087	1010	1012
998	997	999	986	1073	1011	1013	1000	987	1060
999	1000	998	1013	1001	988	986	997	1012	1014
1000	999	1001	988	998	1013	1015	1002	989	987
1001	1002	1000	1015	1003	990	988	999	1014	1016
1002	1001	1003	990	1000	1015	1017	1004	991	989
1003	1004	1002	1017	1005	992	990	1001	1016	1018
1004	1003	1005	992	1002	1017	1019	1006	993	991
1005	1006	1004	1019	1007	994	992	1003	1018	1020
1006	1005	1007	994	1004	1019	1021	1008	995	993
1007	1008	1006	1021	1009	996	994	1005	1020	1022
1008	1007	1009	996	1006	1021	1023	1253	1242	995
1009	1253	1008	1023	1267	1254	996	1007	1022	1024
1010	1011	1088	704	1012	997	1087	754	385	703
1011	1010	1012	997	1088	704	702	1013	998	1073
1012	1013	1011	702	1014	999	997	1010	703	701
1013	1012	1014	999	1011	702	700	1015	1000	998
1014	1015	1013	700	1016	1001	999	1012	701	699
1015	1014	1016	1001	1013	700	698	1017	1002	1000
1016	1017	1015	698	1018	1003	1001	1014	699	697
1017	1016	1018	1003	1015	698	696	1019	1004	1002
1018	1019	1017	696	1020	1005	1003	1016	697	695
1019	1018	1020	1005	1017	696	694	1021	1006	1004
1020	1021	1019	694	1022	1007	1005	1018	695	693
1021	1020	1022	1007	1019	694	692	1023	1008	1006
1022	1023	1021	692	1024	1009	1007	1020	693	691
1023	1022	1024	1009	1021	692	690	1266	1253	1008
1024	1266	1023	690	960	1267	1009	1022	691	321
1025	961	1089	1027	963	1217	1153	1091	1026	1028
1026	1027	1092	1030	1028	1025	1091	1096	1029	1031
1027	1026	1028	1025	1092	1030	1032	962	961	1089
1028	962	1027	1032	966	963	1025	1026	1031	1033
1029	1030	1097	1035	1031	1026	1096	1103	1034	1036
1030	1029	1031	1026	1097	1035	1037	1032	1027	1092
1031	1032	1030	1037	1033	1028	1026	1029	1036	1038
1032	1031	1033	1028	1030	1037	1039	965	962	1027
1033	965	1032	1039	971	966	1028	1031	1038	1040
1034	1035	1104	1042	1036	1029	1103	1112	1041	1043
1035	1034	1036	1029	1104	1042	1044	1037	1030	1097
1036	1037	1035	1044	1038	1031	1029	1034	1043	1045
1037	1036	1038	1031	1035	1044	1046	1039	1032	1030
1038	1039	1037	1046	1040	1033	1031	1036	1045	1047
1039	1038	1040	1033	1037	1046	1048	970	965	1032
1040	970	1039	1048	978	971	1033	1038	1047	1049
1041	1042	1113	1051	1043	1034	1112	1123	1050	1052
1042	1041	1043	1034	1113	1051	1053	1044	1035	1104
1043	1044	1042	1053	1045	1036	1034	1041	1052	1054
1044	1043	1045	1036	1042	1053	1055	1046	1037	1035
1045	1046	1044	1055	1047	1038	1036	1043	1054	1056
1046	1045	1047	1038	1044	1055	1057	1048	1039	1037
1047	1048	1046	1057	1049	1040	1038	1045	1056	1058
1048	1047	1049	1040	1046	1057	1059	977	970	1039
1049	977	1048	1059	987	978	1040	1047	1058	1060
1050	1051	1124	1062	1052	1041	1123	1136	1061	1063
1051	1050	1052	1041	1124	1062	1064	1053	1042	1113
1052	1053	1051	1064	1054	1043	1041	1050	1063	1065
1053	1052	1054	1043	1051	1064	1066	1055	1044	1042
1054	1055	1053	1066	1056	1045	1043	1052	1065	1067
1055	1054	1056	1045	1053	1066	1068	1057	1046	1044
1056	1057	1055	1068	1058	1047	1045	1054	1067	1069
1057	1056	1058	1047	1055	1068	1070	1059	1048	1046
1058	1059	1057	1070	1060	1049	1047	1056	1069	1071
1059	1058	1060	1049	1057	1070	1072	986	977	1048
1060	986	1059	1072	998	987	1049	1058	1071	1073
1061	1062	1137	1075	1063	1050	1136	1151	1074	1076
1062	1061	1063	1050	1137	1075	1077	1064	1051	1124
1063	1064	1062	1077	1065	1052	1050	1061	1076	1078
1064	1063	1065	1052	1062	1077	1079	1066	1053	1051
1065	1066	1064	1079	1067	1054	1052	1063	1078	1080
1066	1065	1067	1054	1064	1079	1081	1068	1055	1053
1067	1068	1066	1081	1069	1056	1054	1065	1080	1082
1068	1067	1069	1056	1066	1081	1083	1070	1057	1055
1069	1070	1068	1083	1071	1058	1056	1067	1082	1084
1070	1069	1071	1058	1068	1083	1085	1072	1059	1057
1071	1072	1070	1085	1073	1060	1058	1069	1084	1086
1072	1071	1073	1060	1070	1085	1087	997	986	1059
1073	997	1072	1087	1011	998	1060	1071	1086	1088
1074	1075	1152	768	1076	1061	1151	818	449	767
1075	1074	1076	1061	1152	768	766	1077	1062	1137
1076	1077	1075	766	1078	1063	1061	1074	767	765
1077	1076	1078	1063	1075	766	764	1079	1064	1062
1078	1079	1077	764	1080	1065	1063	1076	765	763
1079	1078	1080	1065	1077	764	762	1081	1066	1064
1080	1081	1079	762	1082	1067	1065	1078	763	761
1081	1080	1082	1067	1079	762	760	1083	1068	1066
1082	1083	1081	760	1084	1069	1067	1080	761	759
1083	1082	1084	1069	1081	760	758	1085	1070	1068
1084	1085	1083	758	1086	1071	1069	1082	759	757
1085	1084	1086	1071	1083	758	756	1087	1072	1070
1086	1087	1085	756	1088	1073	1071	1084	757	755
1087	1086	1088	1073	1085	756	754	1010	997	1072
1088	1010	1087	754	704	1011	1073	1086	755	385
1089	1025	1153	1091	1027	961	1217	1155	1090	1092
1090	1091	1156	1094	1092	1089	1155	1160	1093	1095
1091	1090	1092	1089	1156	1094	1096	1026	1025	1153
1092	1026	1091	1096	1030	1027	1089	1090	1095	1097
1093	1094	1161	1099	1095	1090	1160	1167	1098	1100
1094	1093	1095	1090	1161	1099	1101	1096	1091	1156
1095	1096	1094	1101	1097	1092	1090	1093	1100	1102
1096	1095	1097	1092	1094	1101	1103	1029	1026	1091
1097	1029	1096	1103	1035	1030	1092	1095	1102	1104
1098	1099	1168	1106	1100	1093	1167	1176	1105	1107
1099	1098	1100	1093	1168	1106	1108	1101	1094	1161
1100	1101	1099	1108	1102	1095	1093	1098	1107	1109
1101	1100	1102	1095	1099	1108	1110	1103	1096	1094
1102	1103	1101	1110	1104	1097	1095	1100	1109	1111
1103	1102	1104	1097	1101	1110	1112	1034	1029	1096
1104	1034	1103	1112	1042	1035	1097	1102	1111	1113
1105	1106	1177	1115	1107	1098	1176	1187	1114	1116
1106	1105	1107	1098	1177	1115	1117	1108	1099	1168
1107	1108	1106	1117	1109	1100	1098	1105	1116	1118
1108	1107	1109	1100	1106	1117	1119	1110	1101	1099
1109	1110	1108	1119	1111	1102	1100	1107	1118	1120
1110	1109	1111	1102	1108	1119	1121	1112	1103	1101
1111	1112	1110	1121	1113	1104	1102	1109	1120	1122
1112	1111	1113	1104	1110	1121	1123	1041	1034	1103
1113	1041	1112	1123	1051	1042	1104	1111	1122	1124
1114	1115	1188	1126	1116	1105	1187	1200	1125	1127
1115	1114	1116	1105	1188	1126	1128	1117	1106	1177
1116	1117	1115	1128	1118	1107	1105	1114	1127	1129
1117	1116	1118	1107	1115	1128	1130	1119	1108	1106
1118	1119	1117	1130	1120	1109	1107	1116	1129	1131
1119	1118	1120	1109	1117	1130	1132	1121	1110	1108
1120	1121	1119	1132	1122	1111	1109	1118	1131	1133
1121	1120	1122	1111	1119	1132	1134	1123	1112	1110
1122	1123	1121	1134	1124	1113	1111	1120	1133	1135
1123	1122	1124	1113	1121	1134	1136	1050	1041	1112
1124	1050	1123	1136	1062	1051	1113	1122	1135	1137
1125	1126	1201	1139	1127	1114	1200	1215	1138	1140
1126	1125	1127	1114	1201	1139	1141	1128	1115	1188
1127	1128	1126	1141	1129	1116	1114	1125	1140	1142
1128	1127	1129	1116	1126	1141	1143	1130	1117	1115
1129	1130	1128	1143	1131	1118	1116	1127	1142	1144
1130	1129	1131	1118	1128	1143	1145	1132	1119	1117
1131	1132	1130	1145	1133	1120	1118	1129	1144	1146
1132	1131	1133	1120	1130	1145	1147	1134	1121	1119
1133	1134	1132	1147	1135	1122	1120	1131	1146	1148
1134	1133	1135	1122	1132	1147	1149	1136	1123	1121
1135	1136	1134	1149	1137	1124	1122	1133	1148	1150
1136	1135	1137	1124	1134	1149	1151	1061	1050	1123
1137	1061	1136	1151	1075	1062	1124	1135	1150	1152
1138	1139	1216	832	1140	1125	1215	882	513	831
1139	1138	1140	1125	1216	832	830	1141	1126	1201
1140	1141	1139	830	1142	1127	1125	1138	831	829
1141	1140	1142	1127	1139	830	828	1143	1128	1126
1142	1143	1141	828	1144	1129	1127	1140	829	827
1143	1142	1144	1129	1141	828	826	1145	1130	1128
1144	1145	1143	826	1146	1131	1129	1142	827	825
1145	1144	1146	1131	1143	826	824	1147	1132	1130
1146	1147	1145	824	1148	1133	1131	1144	825	823
1147	1146	1148	1133	1145	824	822	1149	1134	1132
1148	1149	1147	822	1150	1135	1133	1146	823	821
1149	1148	1150	1135	1147	822	820	1151	1136	1134
1150	1151	1149	820	1152	1137	1135	1148	821	819
1151	1150	1152	1137	1149	820	818	1074	1061	1136
1152	1074	1151	818	768	1075	1137	1150	819	449
1153	1089	1217	1155	1091	1025	961	1219	1154	1156
1154	1155	1220	1158	1156	1153	1219	1224	1157	1159
1155	1154	1156	1153	1220	1158	1160	1090	1089	1217
1156	1090	1155	1160	1094	1091	1153	1154	1159	1161
1157	1158	1225	1163	1159	1154	1224	1231	1162	1164
1158	1157	1159	1154	1225	1163	1165	1160	1155	1220
1159	1160	1158	1165	1161	1156	1154	1157	1164	1166
1160	1159	1161	1156	1158	1165	1167	1093	1090	1155
1161	1093	1160	1167	1099	1094	1156	1159	1166	1168
1162	1163	1232	1170	1164	1157	1231	1240	1169	1171
1163	1162	1164	1157	1232	1170	1172	1165	1158	1225
1164	1165	1163	1172	1166	1159	1157	1162	1171	1173
1165	1164	1166	1159	1163	1172	1174	1167	1160	1158
1166	1167	1165	1174	1168	1161	1159	1164	1173	1175
1167	1166	1168	1161	1165	1174	1176	1098	1093	1160
1168	1098	1167	1176	1106	1099	1161	1166	1175	1177
1169	1170	1241	1179	1171	1162	1240	1251	1178	1180
1170	1169	1171	1162	1241	1179	1181	1172	1163	1232
1171	1172	1170	1181	1173	1164	1162	1169	1180	1182
1172	1171	1173	1164	1170	1181	1183	1174	1165	1163
1173	1174	1172	1183	1175	1166	1164	1171	1182	1184
1174	1173	1175	1166	1172	1183	1185	1176	1167	1165
1175	1176	1174	1185	1177	1168	1166	1173	1184	1186
1176	1175	1177	1168	1174	1185	1187	1105	1098	1167
1177	1105	1176	1187	1115	1106	1168	1175	1186	1188
1178	1179	1252	1190	1180	1169	1251	1264	1189	1191
1179	1178	1180	1169	1252	1190	1192	1181	1170	1241
1180	1181	1179	1192	1182	1171	1169	1178	1191	1193
1181	1180	1182	1171	1179	1192	1194	1183	1172	1170
1182	1183	1181	1194	1184	1173	1171	1180	1193	1195
1183	1182	1184	1173	1181	1194	1196	1185	1174	1172
1184	1185	1183	1196	1186	1175	1173	1182	1195	1197
1185	1184	1186	1175	1183	1196	1198	1187	1176	1174
1186	1187	1185	1198	1188	1177	1175	1184	1197	1199
1187	1186	1188	1177	1185	1198	1200	1114	1105	1176
1188	1114	1187	1200	1126	1115	1177	1186	1199	1201
1189	1190	1265	1203	1191	1178	1264	1279	1202	1204
1190	1189	1191	1178	1265	1203	1205	1192	1179	1252
1191	1192	1190	1205	1193	1180	1178	1189	1204	1206
1192	1191	1193	1180	1190	1205	1207	1194	1181	1179
1193	1194	1192	1207	1195	1182	1180	1191	1206	1208
1194	1193	1195	1182	1192	1207	1209	1196	1183	1181
1195	1196	1194	1209	1197	1184	1182	1193	1208	1210
1196	1195	1197	1184	1194	1209	1211	1198	1185	1183
1197	1198	1196	1211	1199	1186	1184	1195	1210	1212
1198	1197	1199	1186	1196	1211	1213	1200	1187	1185
1199	1200	1198	1213	1201	1188	1186	1197	1212	1214
1200	1199	1201	1188	1198	1213	1215	1125	1114	1187
1201	1125	1200	1215	1139	1126	1188	1199	1214	1216
1202	1203	1280	896	1204	1189	1279	946	577	895
1203	1202	1204	1189	1280	896	894	1205	1190	1265
1204	1205	1203	894	1206	1191	1189	1202	895	893
1205	1204	1206	1191	1203	894	892	1207	1192	1190
1206	1207	1205	892	1208	1193	1191	1204	893	891
1207	1206	1208	1193	1205	892	890	1209	1194	1192
1208	1209	1207	890	1210	1195	1193	1206	891	889
1209	1208	1210	1195	1207	890	888	1211	1196	1194
1210	1211	1209	888	1212	1197	1195	1208	889	887
1211	1210	1212	1197	1209	888	886	1213	1198	1196
1212	1213	1211	886	1214	1199	1197	1210	887	885
1213	1212	1214	1199	1211	886	884	1215	1200	1198
1214	1215	1213	884	1216	1201	1199	1212	885	883
1215	1214	1216	1201	1213	884	882	1138	1125	1200
1216	1138	1215	882	832	1139	1201	1214	883	513
1217	1153	961	1219	1155	1089	1025	963	1218	1220
1218	1219	964	1222	1220	1217	963	968	1221	1223
1219	1218	1220	1217	964	1222	1224	1154	1153	961
1220	1154	1219	1224	1158	1155	1217	1218	1223	1225
1221	1222	969	1227	1223	1218	968	975	1226	1228
1222	1221	1223	1218	969	1227	1229	1224	1219	964
1223	1224	1222	1229	1225	1220	1218	1221	1228	1230
1224	1223	1225	1220	1222	1229	1231	1157	1154	1219
1225	1157	1224	1231	1163	1158	1220	1223	1230	1232
1226	1227	976	1234	1228	1221	975	984	1233	1235
1227	1226	1228	1221	976	1234	1236	1229	1222	969
1228	1229	1227	1236	1230	1223	1221	1226	1235	1237
1229	1228	1230	1223	1227	1236	1238	1231	1224	1222
1230	1231	1229	1238	1232	1225	1223	1228	1237	1239
1231	1230	1232	1225	1229	1238	1240	1162	1157	1224
1232	1162	1231	1240	1170	1163	1225	1230	1239	1241
1233	1234	985	1243	1235	1226	984	995	1242	1244
1234	1233	1235	1226	985	1243	1245	1236	1227	976
1235	1236	1234	1245	1237	1228	1226	1233	1244	1246
1236	1235	1237	1228	1234	1245	1247	1238	1229	1227
1237	1238	1236	1247	1239	1230	1228	1235	1246	1248
1238	1237	1239	1230	1236	1247	1249	1240	1231	1229
1239	1240	1238	1249	1241	1232	1230	1237	1248	1250
1240	1239	1241	1232	1238	1249	1251	1169	1162	1231
1241	1169	1240	1251	1179	1170	1232	1239	1250	1252
1242	1243	996	1254	1244	1233	995	1008	1253	1255
1243	1242	1244	1233	996	1254	1256	1245	1234	985
1244	1245	1243	1256	1246	1235	1233	1242	1255	1257
1245	1244	1246	1235	1243	1256	1258	1247	1236	1234
1246	1247	1245	1258	1248	1237	1235	1244	1257	1259
1247	1246	1248	1237	1245	1258	1260	1249	1238	1236
1248	1249	1247	1260	1250	1239	1237	1246	1259	1261
1249	1248	1250	1239	1247	1260	1262	1251	1240	1238
1250	1251	1249	1262	1252	1241	1239	1248	1261	1263
1251	1250	1252	1241	1249	1262	1264	1178	1169	1240
1252	1178	1251	1264	1190	1179	1241	1250	1263	1265
1253	1254	1009	1267	1255	1242	1008	1023	1266	1268
1254	1253	1255	1242	1009	1267	1269	1256	1243	996
1255	1256	1254	1269	1257	1244	1242	1253	1268	1270
1256	1255	1257	1244	1254	1269	1271	1258	1245	1243
1257	1258	1256	1271	1259	1246	1244	1255	1270	1272
1258	1257	1259	1246	1256	1271	1273	1260	1247	1245
1259	1260	1258	1273	1261	1248	1246	1257	1272	1274
1260	1259	1261	1248	1258	1273	1275	1262	1249	1247
1261	1262	1260	1275	1263	1250	1248	1259	1274	1276
1262	1261	1263	1250	1260	1275	1277	1264	1251	1249
1263	1264	1262	1277	1265	1252	1250	1261	1276	1278
1264	1263	1265	1252	1262	1277	1279	1189	1178	1251
1265	1189	1264	1279	1203	1190	1252	1263	1278	1280
1266	1267	1024	960	1268	1253	1023	690	321	959
1267	1266	1268	1253	1024	960	958	1269	1254	1009
1268	1269	1267	958	1270	1255	1253	1266	959	957
1269	1268	1270	1255	1267	958	956	1271	1256	1254
1270	1271	1269	956	1272	1257	1255	1268	957	955
1271	1270	1272	1257	1269	956	954	1273	1258	1256
1272	1273	1271	954	1274	1259	1257	1270	955	953
1273	1272	1274	1259	1271	954	952	1275	1260	1258
1274	1275	1273	952	1276	1261	1259	1272	953	951
1275	1274	1276	1261	1273	952	950	1277	1262	1260
1276	1277	1275	950	1278	1263	1261	1274	951	949
1277	1276	1278	1263	1275	950	948	1279	1264	1262
1278	1279	1277	948	1280	1265	1263	1276	949	947
1279	1278	1280	1265	1277	948	946	1202	1189	1264
1280	1202	1279	946	896	1203	1265	1278	947	577
